4096 4589
4096 4318
4096 3999
4097 4593
4097 4334
4097 4335
4098 4328
4098 4565
4098 4014
4098 4254
4098 4331
4099 4204
4101 4558
4101 4604
4102 4007
4102 4094
4102 4607
4102 4449
4103 4314
4103 4606
4103 4088
4103 4089
4104 4088
4104 4372
4104 4331
4104 4197
4104 4468
4105 4106
4105 4293
4105 4122
4107 4022
4107 4361
4107 4122
4107 4371
4107 4121
4107 4109
4107 4320
4107 4369
4108 4126
4108 4597
4110 4326
4110 4586
4111 4661
4111 4050
4111 4112
4112 4400
4113 4013
4113 4395
4113 4573
4114 3929
4114 4148
4114 4542
4114 4684
4115 4122
4115 4507
4115 4077
4115 4050
4115 4054
4115 4134
4116 4362
4116 4437
4117 4053
4117 4055
4118 4055
4118 4338
4118 4352
4118 4371
4118 4376
4119 4035
4119 4126
4119 4434
4120 4053
4120 4070
4120 4071
4120 4263
4120 4356
4120 4364
4120 4201
4120 4296
4121 3948
4121 4010
4121 4308
4122 4293
4123 4433
4124 4048
4124 4452
4125 4127
4125 3929
4126 3929
4126 4377
4126 4472
4126 4035
4126 4370
4126 4128
4126 4378
4126 4577
4126 4625
4128 4470
4128 4472
4128 4377
4129 4378
4130 4131
4131 3994
4131 4137
4131 4652
4131 4476
4132 4468
4132 4648
4133 4174
4134 3928
4134 3931
4134 4073
4134 4077
4134 4478
4134 4467
4134 4251
4135 3992
4137 3976
4137 4138
4137 4440
4137 4373
4138 4260
4138 4357
4138 4358
4138 4359
4138 4439
4138 4440
4138 4598
4139 4592
4139 4596
4140 3968
4140 4450
4140 4329
4140 4451
4140 4529
4141 4033
4141 4295
4141 4142
4141 4173
4141 4351
4141 4497
4141 4530
4141 4661
4142 4264
4142 4351
4142 4499
4142 4502
4142 4509
4142 4522
4142 4531
4142 4559
4142 4633
4143 4144
4143 4161
4143 4162
4143 4333
4143 4334
4143 4336
4143 4480
4143 4485
4143 4487
4143 4540
4143 4679
4144 4162
4144 4327
4144 4487
4145 4006
4145 4175
4145 4146
4145 4174
4145 4325
4145 4377
4145 4534
4147 4527
4148 4303
4149 4391
4149 4018
4149 4347
4150 3970
4150 4046
4150 4287
4151 4153
4152 4073
4153 3953
4153 3974
4153 3976
4153 3980
4153 4330
4153 4328
4153 4250
4153 4569
4154 4632
4154 4262
4154 4432
4156 3932
4156 4023
4156 4253
4157 4597
4157 4447
4157 4558
4158 4558
4158 4159
4158 4473
4159 4161
4159 4160
4159 4671
4159 4473
4160 4161
4160 4671
4160 4462
4162 4163
4162 4483
4162 4164
4162 4626
4162 4487
4163 4002
4163 4164
4163 4483
4163 4626
4164 4626
4165 4168
4167 4554
4167 4341
4167 4609
4168 4211
4169 4403
4169 4586
4169 4557
4170 4310
4170 4048
4170 4294
4171 4556
4172 4355
4172 4328
4172 4603
4172 4347
4173 4050
4173 4054
4173 4055
4173 4065
4173 4033
4173 4295
4173 4309
4173 4498
4173 4500
4173 4503
4173 4507
4173 4509
4173 4510
4173 4531
4173 4583
4173 4587
4173 4633
4174 4487
4174 4338
4174 4243
4174 4352
4174 4353
4174 4361
4174 4377
4174 4499
4174 4681
4174 4682
4175 4008
4175 4533
4175 4597
4176 4649
4176 4313
4176 4600
4177 4211
4177 4387
4178 4472
4178 4375
4179 4407
4179 4506
4179 4516
4179 4443
4181 4568
4182 4076
4182 4078
4182 4316
4183 4079
4183 3988
4183 4237
4184 4299
4184 4526
4184 4506
4185 4031
4185 4508
4185 4428
4186 4187
4186 4081
4186 4667
4187 4668
4188 4579
4189 4052
4189 4069
4189 4512
4189 4398
4190 4244
4191 4021
4191 4050
4191 4058
4191 4062
4191 4192
4191 4193
4191 4309
4191 4452
4191 4466
4192 4050
4192 4199
4193 4050
4193 4466
4193 4617
4193 4021
4195 4060
4195 4199
4196 4197
4197 4271
4197 4088
4197 4199
4199 4050
4200 3948
4201 4356
4201 4512
4202 4418
4202 4210
4202 4206
4202 4212
4202 4214
4202 4419
4202 4420
4202 4426
4202 4427
4202 4429
4202 4455
4202 4461
4203 4603
4203 4366
4205 4275
4205 4537
4206 4420
4206 4418
4206 4212
4206 4455
4206 4541
4206 4427
4206 4459
4207 4484
4207 4474
4208 4474
4208 4493
4209 4618
4209 4616
4210 4418
4210 4668
4210 4397
4210 4419
4210 4420
4210 4461
4210 4570
4212 4455
4212 4418
4212 4214
4212 4261
4212 4213
4213 4423
4213 4216
4213 4547
4213 4214
4213 4422
4213 4455
4214 3965
4214 4461
4215 4253
4216 4238
4216 4217
4217 4547
4218 4220
4218 4549
4218 3996
4219 4344
4219 4489
4219 4223
4219 4354
4219 4225
4219 4227
4220 4549
4222 4224
4222 4343
4223 4225
4223 4350
4223 4344
4223 4489
4223 4354
4223 4224
4223 4226
4223 4227
4223 4491
4224 4577
4224 4656
4225 4354
4225 4344
4225 4489
4225 4682
4225 4227
4225 4350
4225 4226
4226 4489
4226 4354
4226 4344
4226 4350
4227 4354
4227 4489
4227 4344
4227 4060
4228 4480
4228 4485
4229 4481
4229 4642
4229 4343
4229 4643
4230 4058
4230 3929
4231 4656
4231 3963
4232 4048
4232 4016
4232 4233
4234 4005
4234 4072
4234 4246
4234 4576
4234 4247
4234 4283
4234 4537
4234 4544
4235 4534
4235 4236
4235 4325
4236 3984
4236 3946
4236 4652
4236 4258
4236 4524
4237 3949
4237 3984
4237 4028
4237 3946
4237 4635
4238 4273
4238 4275
4238 4514
4239 4046
4239 4478
4239 4049
4239 4454
4239 4035
4239 4081
4241 4442
4242 4044
4242 4400
4242 4420
4242 4433
4242 4466
4242 4584
4242 4672
4242 4683
4243 4352
4243 4044
4244 4345
4244 4285
4244 4316
4244 4347
4245 4612
4245 4340
4245 4281
4245 4339
4245 4393
4246 4005
4246 4247
4246 4576
4246 4072
4246 4442
4246 4538
4246 4619
4247 4005
4247 4576
4247 4282
4247 4500
4247 4537
4247 4538
4247 4563
4247 4601
4248 3970
4248 4045
4249 4046
4249 4073
4249 4054
4250 3974
4250 4287
4251 3931
4251 4478
4252 3972
4253 3981
4253 4023
4253 4430
4254 3976
4254 4328
4255 4567
4256 4356
4256 4616
4256 4647
4256 4357
4256 3939
4256 4668
4257 3947
4257 4512
4257 4258
4257 3986
4258 4069
4258 4070
4258 4675
4259 4261
4259 4067
4260 3981
4260 4024
4261 4547
4263 3973
4263 4647
4263 4356
4264 4499
4264 4522
4264 4503
4265 4275
4265 4266
4265 4269
4266 4269
4266 4275
4266 4049
4266 4035
4266 4085
4267 4544
4268 4269
4269 4275
4269 4271
4269 4441
4270 4315
4270 4008
4270 4604
4271 4275
4271 4088
4272 4274
4272 4276
4273 4275
4273 4276
4273 4001
4273 4298
4274 4276
4275 4296
4275 4318
4276 4001
4277 3970
4277 3971
4277 4367
4278 3935
4279 4666
4280 4666
4280 4288
4281 4612
4281 4640
4282 4284
4283 4072
4283 4074
4283 4284
4283 4537
4283 4499
4283 4576
4283 4648
4283 4411
4284 4537
4284 4559
4284 4411
4284 4072
4284 4560
4284 4583
4285 4345
4285 4610
4285 4393
4285 4535
4285 4541
4285 4638
4285 4647
4286 4521
4287 4289
4288 4290
4288 4328
4288 4289
4289 4328
4289 4290
4290 4603
4291 3992
4291 4568
4291 4292
4292 3992
4293 4432
4294 4310
4295 4033
4295 4049
4295 4050
4295 4587
4295 4661
4296 4373
4297 4020
4297 4021
4297 4404
4298 4045
4298 3924
4298 4442
4299 4020
4301 4650
4301 4552
4302 4305
4302 4303
4303 4304
4303 4551
4304 4590
4305 4591
4305 4485
4305 4510
4307 4402
4307 4007
4308 4506
4309 4404
4309 4500
4310 4496
4311 4081
4311 4312
4311 4318
4312 4081
4312 4318
4313 4612
4313 4017
4313 4382
4314 4088
4314 4606
4314 4089
4314 4605
4315 4008
4316 4001
4316 4045
4316 4076
4316 4078
4317 4324
4317 4319
4317 4081
4317 4001
4318 4081
4318 4319
4319 4085
4319 4081
4319 4324
4320 4628
4320 4508
4321 4323
4323 4645
4323 4035
4323 4349
4323 4643
4324 4004
4324 4081
4324 4086
4324 4059
4325 4008
4325 4534
4325 4472
4326 4586
4327 4680
4327 4487
4327 4481
4328 4012
4328 4355
4328 4330
4328 4565
4328 4566
4328 4567
4328 4603
4328 4677
4329 3968
4330 3980
4330 4603
4330 4331
4331 4565
4332 4543
4332 4037
4332 4490
4332 4035
4332 4635
4333 4407
4333 4425
4333 4457
4334 4094
4334 4337
4334 4335
4334 4593
4334 4341
4335 4341
4335 4337
4335 4340
4336 3986
4336 4092
4336 4517
4336 4374
4336 4520
4336 4521
4337 4341
4337 4483
4337 4487
4338 4487
4338 4352
4338 4682
4338 4353
4339 4340
4339 4612
4340 4612
4340 4341
4340 4621
4340 4622
4341 4456
4341 4554
4341 4622
4341 4553
4342 4343
4342 4348
4342 4481
4342 4641
4342 4642
4342 4643
4343 4348
4343 4349
4343 4488
4343 4489
4343 4491
4343 4624
4343 4641
4343 4642
4344 4489
4344 4354
4344 4350
4345 4024
4345 4059
4345 4610
4345 4347
4345 4393
4345 4535
4345 4647
4345 4690
4346 4391
4346 4347
4346 4392
4346 4376
4347 4025
4347 4391
4348 4642
4348 4643
4349 4642
4349 4489
4350 4471
4350 4489
4350 4491
4352 4353
4352 4487
4353 4063
4354 4489
4355 4677
4356 4070
4356 4071
4356 4647
4356 4364
4357 4616
4358 4359
4359 4440
4360 4383
4360 4384
4360 4385
4361 4022
4361 4596
4361 4368
4361 4682
4361 4369
4362 4654
4363 4029
4364 4070
4364 4071
4364 4053
4366 4015
4367 3971
4368 4022
4368 4023
4368 4454
4368 4596
4368 4369
4368 4614
4369 3978
4369 4022
4370 3928
4370 3924
4370 4416
4371 4055
4371 4681
4372 4016
4372 4373
4373 4017
4374 4517
4374 4375
4375 4472
4375 4385
4377 4487
4377 4378
4377 4472
4378 4379
4380 4029
4381 4475
4381 4405
4382 3930
4383 4040
4383 4391
4383 4436
4384 4056
4385 4563
4386 4006
4387 3930
4388 3929
4389 4640
4389 4390
4391 4392
4391 4419
4391 4538
4392 4459
4392 4461
4393 4610
4394 4015
4394 4572
4395 4013
4395 4572
4396 4397
4396 4399
4396 4398
4397 4399
4398 4069
4398 4399
4398 4447
4398 4448
4398 4580
4400 4010
4400 4502
4401 4577
4402 4651
4402 4674
4403 3922
4403 4557
4403 4408
4403 4464
4403 4465
4404 4020
4404 4021
4405 4428
4405 3953
4407 4506
4407 4516
4408 4584
4411 4560
4411 4537
4411 4576
4411 4561
4411 4072
4411 4417
4411 4583
4412 4413
4412 4650
4413 4590
4413 4650
4413 3924
4416 3924
4417 4560
4417 4583
4418 4419
4418 4420
4418 4426
4418 4427
4418 4429
4418 4455
4418 4461
4419 4429
4419 4420
4419 4427
4420 4459
4420 4461
4421 4025
4421 4422
4424 4425
4424 4427
4424 4426
4425 4427
4425 4453
4425 4426
4425 4429
4426 4455
4426 4427
4426 4429
4426 4459
4427 4429
4427 4455
4428 4030
4429 4430
4430 3981
4432 4433
4432 4608
4433 4044
4434 4049
4434 4594
4435 4595
4435 4035
4436 4607
4437 4590
4438 4525
4439 3950
4439 4598
4441 4661
4442 4619
4442 4446
4442 4627
4442 3953
4443 4024
4444 4591
4445 4446
4445 4673
4445 4024
4446 4627
4446 3970
4447 4592
4447 4448
4448 3961
4448 4051
4448 4647
4448 4621
4449 4593
4450 3968
4450 4529
4451 3968
4452 4058
4456 3945
4456 4457
4456 4463
4456 4553
4457 4463
4458 4461
4459 3933
4460 3962
4460 3943
4460 4462
4461 4462
4462 4463
4463 3922
4464 4465
4466 4050
4467 4073
4467 4077
4468 4648
4469 4041
4469 4609
4470 3982
4470 4472
4476 4477
4476 4627
4477 3967
4477 4067
4477 4652
4478 3928
4478 3931
4478 4589
4479 4562
4479 4568
4480 4080
4480 4679
4480 4680
4481 4642
4481 4643
4482 4585
4483 4485
4484 3929
4488 4489
4488 4644
4490 4037
4490 4093
4490 4035
4490 4492
4490 4574
4490 4575
4490 4672
4491 4575
4491 4035
4491 4573
4492 4037
4492 4075
4494 4585
4495 4500
4496 4048
4497 4557
4498 4500
4498 4531
4499 4509
4499 4503
4499 4511
4500 4044
4500 4069
4502 4510
4503 4633
4503 4509
4504 4648
4504 4509
4505 4007
4506 3937
4507 4639
4508 4010
4508 4509
4509 4511
4512 4675
4515 3988
4515 3990
4515 4525
4515 4519
4517 4565
4517 4520
4518 4025
4519 3998
4520 4521
4521 3986
4523 4524
4523 4662
4525 3988
4526 4527
4527 3933
4527 4613
4528 4676
4530 4033
4530 4587
4531 4532
4531 4550
4532 4548
4533 4090
4533 4546
4534 4030
4534 4604
4535 4610
4535 4541
4537 4005
4537 4072
4537 4576
4537 4560
4537 4544
4537 4559
4537 4561
4537 4583
4538 4005
4539 4540
4541 4690
4542 3977
4543 4028
4543 4636
4544 4005
4545 4604
4545 4600
4547 4555
4549 4612
4550 4551
4550 4044
4550 4042
4551 4552
4551 4590
4552 4582
4553 4555
4553 4554
4554 4555
4557 4001
4557 4080
4557 3968
4558 4592
4558 4593
4560 4561
4560 4576
4560 4072
4560 4583
4561 4563
4561 4072
4561 4583
4561 4005
4562 4564
4562 4568
4562 4675
4564 4675
4565 4012
4565 4038
4565 4566
4565 4677
4566 4038
4566 4567
4568 3959
4568 4687
4570 4009
4570 3939
4571 3956
4571 3961
4572 4013
4573 4669
4573 3954
4573 3955
4573 4671
4573 4672
4574 4584
4575 4672
4575 4035
4576 4005
4576 4072
4577 3956
4577 3958
4577 4667
4577 4578
4578 3958
4578 3956
4578 4667
4578 4024
4579 3959
4579 3956
4580 4581
4581 4665
4581 4663
4582 4661
4582 4666
4582 4670
4583 4029
4587 4033
4587 4588
4592 4084
4592 4593
4593 3991
4595 4035
4596 4095
4599 4038
4599 4605
4599 4088
4600 4604
4600 4620
4601 4044
4602 4632
4604 4653
4605 4088
4606 4089
4606 4006
4607 4007
4607 4006
4609 4041
4610 4059
4611 3950
4611 3951
4611 4615
4611 4612
4611 4614
4612 4614
4612 4615
4613 4684
4613 4615
4614 4615
4614 3950
4615 3950
4615 3951
4615 3963
4615 3965
4616 4618
4617 3939
4617 3955
4617 4069
4617 4630
4617 4683
4618 4630
4619 4627
4619 4630
4620 4627
4621 4622
4624 4644
4625 4003
4625 3929
4626 3979
4627 4628
4628 3970
4629 4631
4631 3967
4633 4634
4633 4635
4634 4641
4634 4635
4634 4026
4635 4636
4636 3955
4637 4026
4639 4055
4639 4640
4641 3958
4641 4644
4641 4643
4642 3988
4642 4643
4646 3938
4646 4000
4646 4032
4647 3939
4647 4668
4648 4060
4648 4684
4649 4006
4651 4674
4652 3946
4652 3984
4653 4662
4654 3952
4654 4663
4654 4665
4654 4661
4654 3924
4656 3954
4656 4657
4656 4669
4657 3954
4657 4658
4658 3942
4660 4016
4661 4050
4661 4081
4661 4662
4662 4674
4663 3952
4663 4665
4664 4665
4665 3952
4667 3954
4667 3956
4667 3958
4668 4683
4669 3954
4669 3955
4672 4035
4674 4068
4675 3947
4675 3966
4676 4679
4676 4048
4678 4057
4678 4681
4678 4042
4678 4039
4680 3935
4681 3989
4681 4682
4682 3989
4682 4057
4682 4066
4685 4686
4686 3923
4687 4010
4687 4688
4687 4690
4689 3932
4689 4007
4690 4061
4690 4054
4690 4059
3924 3953
3928 3931
3929 4011
3930 3962
3931 3953
3932 3995
3934 3936
3938 4032
3938 4000
3939 3951
3940 4069
3940 3985
3942 4033
3942 3945
3943 3962
3943 3947
3943 3944
3944 3945
3944 3947
3945 3947
3946 3950
3948 4026
3950 3951
3953 4045
3954 3955
3956 3958
3957 3960
3957 3963
3957 3961
3958 4024
3960 3961
3961 3962
3963 3965
3964 4019
3965 3967
3965 3966
3969 3973
3969 3983
3969 3977
3969 3982
3969 3975
3971 3974
3973 3983
3973 3977
3973 3982
3973 3975
3973 3994
3975 3978
3975 3977
3976 3980
3977 3983
3977 3982
3982 3983
3985 3986
3986 3987
3988 3998
3991 3993
3991 4023
3992 3994
3992 3993
3995 4044
3996 3998
3996 4085
3996 3997
3998 3999
4000 4032
4001 4045
4005 4072
4006 4089
4008 4009
4010 4047
4011 4035
4012 4015
4019 4025
4019 4024
4020 4021
4021 4022
4021 4050
4022 4023
4026 4058
4029 4031
4035 4037
4035 4092
4036 4055
4037 4042
4037 4093
4042 4062
4042 4057
4046 4085
4047 4054
4050 4054
4050 4062
4051 4052
4052 4069
4054 4061
4056 4057
4070 4071
4072 4074
4073 4077
4075 4079
4076 4078
4081 4086
4088 4089
4090 4091
4091 4092
4094 4095
