3140 3648
3140 3238
3140 3280
3140 3753
3141 3497
3141 3281
3141 3337
3141 3498
3141 3499
3141 3750
3142 3771
3142 3144
3142 3143
3142 3443
3143 3144
3143 3876
3143 3771
3143 3319
3144 3361
3144 3475
3145 3244
3145 3814
3145 3661
3145 3194
3145 3362
3145 3487
3145 3508
3146 3596
3147 3149
3147 3620
3147 3250
3147 3414
3147 3539
3147 3646
3147 3745
3148 3309
3148 3267
3148 3681
3149 3619
3149 3623
3149 3646
3149 3888
3150 3402
3151 3194
3151 3520
3152 3623
3152 3694
3152 3240
3152 3542
3152 3911
3153 3164
3153 3154
3153 3155
3153 3162
3154 3164
3154 3414
3154 3555
3155 3689
3156 3320
3156 3904
3158 3223
3159 3868
3159 3609
3160 3859
3160 3162
3160 3171
3160 3169
3161 3321
3162 3163
3162 3169
3163 3467
3163 3350
3164 3168
3164 3825
3165 3361
3166 3895
3168 3546
3169 3620
3169 3825
3170 3709
3170 3666
3170 3579
3170 3171
3171 3709
3171 3829
3172 3828
3173 3805
3173 3353
3173 3591
3174 3809
3174 3869
3174 3176
3174 3591
3175 3899
3175 3716
3175 3387
3176 3203
3176 3809
3176 3692
3177 3184
3177 3179
3178 3326
3178 3180
3178 3205
3179 3180
3179 3456
3179 3442
3179 3184
3179 3458
3179 3181
3180 3899
3180 3181
3180 3326
3181 3184
3181 3182
3181 3326
3182 3184
3182 3826
3182 3269
3182 3806
3182 3917
3183 3826
3185 3279
3185 3278
3185 3277
3185 3531
3185 3283
3186 3277
3186 3531
3186 3278
3186 3279
3187 3530
3187 3278
3187 3362
3188 3189
3188 3203
3188 3424
3189 3441
3191 3893
3192 3795
3192 3308
3192 3647
3193 3509
3193 3507
3193 3742
3194 3661
3194 3421
3194 3244
3194 3314
3194 3487
3194 3508
3195 3423
3195 3197
3195 3607
3195 3764
3195 3797
3195 3843
3195 3892
3196 3508
3197 3798
3197 3390
3197 3607
3197 3841
3198 3489
3198 3589
3198 3502
3199 3335
3199 3734
3199 3735
3200 3506
3201 3813
3201 3301
3201 3333
3202 3887
3202 3726
3202 3837
3204 3208
3204 3211
3204 3695
3204 3764
3204 3838
3204 3206
3204 3743
3204 3835
3205 3500
3206 3208
3206 3835
3206 3355
3206 3212
3206 3836
3206 3210
3207 3828
3207 3624
3207 3630
3207 3524
3208 3364
3208 3209
3208 3212
3209 3211
3210 3578
3210 3505
3210 3355
3210 3796
3211 3454
3211 3697
3211 3707
3211 3742
3212 3214
3212 3669
3213 3608
3213 3392
3214 3733
3214 3532
3215 3689
3216 3304
3216 3616
3217 3908
3217 3730
3217 3218
3218 3605
3218 3610
3219 3405
3220 3722
3220 3853
3220 3484
3220 3485
3220 3486
3221 3251
3221 3793
3221 3619
3222 3423
3222 3476
3222 3260
3222 3447
3222 3718
3222 3724
3223 3608
3223 3224
3223 3912
3223 3400
3223 3341
3223 3401
3223 3481
3223 3573
3223 3667
3223 3780
3223 3781
3223 3783
3223 3902
3224 3400
3224 3912
3224 3608
3224 3401
3224 3404
3224 3667
3224 3902
3225 3851
3225 3226
3225 3622
3226 3227
3227 3229
3227 3851
3227 3545
3228 3585
3229 3371
3229 3782
3230 3844
3230 3296
3231 3404
3231 3780
3231 3671
3232 3786
3233 3454
3233 3483
3233 3577
3233 3791
3234 3696
3235 3493
3235 3573
3235 3481
3235 3782
3236 3493
3236 3563
3236 3562
3237 3567
3237 3566
3237 3495
3237 3440
3238 3847
3238 3826
3238 3694
3238 3353
3238 3373
3238 3622
3238 3624
3238 3845
3238 3848
3240 3704
3240 3241
3240 3243
3241 3704
3241 3242
3241 3731
3241 3702
3241 3243
3242 3245
3242 3316
3242 3243
3243 3704
3243 3731
3243 3702
3244 3814
3244 3661
3244 3362
3244 3487
3244 3508
3245 3530
3245 3316
3246 3530
3246 3261
3247 3476
3247 3484
3247 3260
3247 3423
3248 3510
3248 3249
3248 3250
3249 3338
3249 3682
3250 3590
3251 3557
3251 3678
3251 3763
3251 3686
3251 3802
3252 3586
3252 3870
3252 3256
3252 3367
3252 3869
3252 3871
3252 3874
3253 3344
3253 3680
3253 3688
3253 3412
3253 3271
3253 3687
3253 3763
3253 3800
3254 3804
3254 3808
3254 3269
3254 3672
3254 3803
3254 3807
3255 3342
3255 3680
3255 3491
3255 3902
3255 3341
3255 3802
3257 3684
3257 3765
3257 3569
3257 3571
3257 3340
3258 3427
3258 3342
3258 3788
3258 3570
3258 3415
3258 3571
3259 3682
3259 3801
3259 3690
3259 3800
3259 3338
3260 3261
3260 3423
3260 3314
3260 3416
3260 3419
3260 3522
3260 3599
3260 3683
3260 3698
3260 3830
3260 3831
3261 3599
3261 3262
3261 3423
3261 3314
3261 3419
3261 3427
3261 3522
3261 3683
3261 3830
3261 3831
3262 3599
3262 3830
3262 3861
3262 3863
3262 3897
3263 3851
3264 3448
3264 3846
3264 3450
3264 3586
3265 3771
3266 3617
3266 3509
3266 3797
3267 3272
3268 3843
3269 3808
3269 3679
3269 3360
3269 3807
3269 3387
3269 3591
3269 3805
3269 3806
3271 3344
3271 3800
3272 3273
3272 3275
3273 3530
3273 3316
3273 3275
3274 3276
3274 3572
3274 3812
3274 3702
3274 3703
3274 3810
3275 3530
3275 3316
3276 3278
3276 3833
3277 3279
3277 3278
3277 3432
3277 3531
3277 3720
3277 3721
3278 3279
3278 3721
3280 3648
3280 3846
3280 3543
3281 3282
3282 3284
3282 3467
3283 3857
3283 3653
3283 3295
3283 3284
3283 3858
3284 3399
3284 3492
3284 3285
3285 3436
3285 3696
3285 3655
3286 3527
3286 3917
3286 3306
3286 3287
3286 3511
3286 3512
3286 3513
3286 3639
3286 3640
3286 3710
3286 3711
3287 3307
3287 3513
3287 3639
3287 3787
3288 3295
3289 3584
3289 3653
3289 3823
3290 3541
3290 3860
3291 3516
3291 3756
3291 3613
3291 3389
3291 3397
3291 3517
3291 3601
3291 3615
3291 3657
3291 3760
3292 3761
3292 3602
3293 3294
3293 3300
3293 3299
3293 3296
3293 3751
3293 3301
3293 3295
3294 3300
3294 3299
3295 3296
3295 3399
3295 3299
3295 3363
3295 3300
3296 3301
3296 3570
3296 3490
3296 3299
3296 3549
3297 3298
3297 3759
3298 3299
3298 3467
3298 3301
3298 3333
3298 3302
3299 3300
3299 3301
3300 3301
3300 3363
3300 3333
3300 3399
3301 3859
3302 3415
3302 3519
3302 3467
3302 3333
3302 3859
3303 3689
3303 3409
3303 3350
3303 3421
3303 3825
3305 3847
3305 3587
3306 3710
3306 3307
3306 3511
3306 3638
3306 3640
3307 3639
3307 3638
3308 3309
3308 3681
3308 3322
3308 3328
3308 3329
3308 3634
3308 3795
3309 3589
3309 3358
3309 3681
3309 3329
3310 3815
3310 3314
3311 3312
3312 3555
3313 3346
3313 3354
3313 3375
3314 3423
3314 3475
3315 3880
3315 3636
3315 3360
3316 3530
3316 3432
3316 3731
3316 3732
3317 3318
3317 3530
3318 3812
3319 3637
3320 3350
3321 3548
3321 3325
3321 3518
3322 3328
3322 3330
3322 3767
3322 3656
3322 3394
3322 3360
3323 3544
3323 3802
3324 3334
3324 3658
3324 3564
3324 3391
3324 3335
3324 3390
3325 3548
3325 3518
3325 3759
3326 3899
3327 3918
3328 3650
3328 3651
3328 3652
3329 3681
3330 3656
3330 3679
3330 3360
3330 3747
3330 3748
3331 3770
3331 3336
3331 3526
3331 3669
3331 3844
3332 3859
3333 3467
3334 3658
3334 3564
3334 3391
3334 3493
3334 3335
3335 3564
3335 3391
3335 3390
3336 3652
3337 3882
3337 3351
3337 3738
3338 3801
3338 3682
3338 3344
3338 3800
3338 3339
3338 3342
3338 3367
3338 3422
3338 3688
3338 3690
3339 3420
3339 3850
3340 3765
3340 3569
3340 3684
3341 3342
3341 3801
3341 3608
3341 3667
3341 3902
3342 3801
3342 3680
3342 3570
3342 3902
3342 3453
3342 3571
3342 3673
3342 3724
3342 3769
3343 3644
3344 3688
3344 3680
3344 3800
3345 3880
3347 3349
3347 3539
3347 3630
3348 3349
3349 3671
3350 3467
3351 3921
3352 3510
3352 3753
3353 3357
3353 3373
3353 3757
3355 3361
3355 3876
3355 3637
3355 3582
3355 3475
3355 3825
3355 3877
3356 3683
3358 3681
3358 3589
3358 3634
3360 3679
3361 3582
3361 3876
3361 3437
3361 3637
3361 3657
3361 3741
3361 3747
3361 3825
3361 3877
3361 3878
3362 3580
3363 3500
3363 3822
3364 3366
3364 3367
3365 3698
3365 3766
3365 3403
3365 3684
3366 3765
3366 3367
3366 3569
3366 3662
3367 3716
3367 3788
3369 3446
3369 3787
3369 3373
3370 3889
3371 3383
3371 3402
3371 3403
3372 3605
3372 3777
3372 3465
3372 3636
3372 3635
3373 3598
3373 3540
3373 3560
3373 3845
3375 3467
3375 3379
3376 3826
3376 3561
3377 3379
3377 3848
3377 3561
3377 3826
3378 3624
3378 3379
3378 3479
3378 3824
3379 3624
3380 3840
3380 3641
3380 3629
3380 3642
3381 3382
3381 3466
3382 3631
3382 3643
3383 3545
3384 3917
3384 3609
3385 3389
3385 3768
3386 3809
3387 3582
3387 3389
3387 3388
3388 3611
3388 3396
3389 3390
3389 3396
3389 3760
3390 3582
3390 3394
3390 3396
3390 3564
3391 3564
3391 3565
3391 3563
3391 3658
3391 3494
3392 3587
3392 3588
3392 3481
3392 3393
3393 3567
3393 3493
3393 3562
3393 3563
3394 3395
3395 3766
3395 3396
3395 3612
3396 3397
3396 3582
3397 3615
3397 3534
3397 3914
3398 3909
3398 3660
3399 3492
3400 3608
3400 3401
3400 3912
3400 3404
3400 3902
3401 3912
3401 3404
3401 3481
3401 3680
3401 3769
3402 3877
3403 3776
3403 3559
3403 3420
3404 3407
3404 3410
3404 3466
3405 3467
3405 3452
3406 3887
3407 3410
3407 3618
3407 3415
3408 3893
3409 3421
3411 3678
3411 3686
3411 3439
3412 3686
3412 3687
3413 3415
3413 3875
3413 3618
3413 3666
3413 3568
3414 3539
3414 3820
3415 3540
3415 3467
3417 3896
3417 3863
3418 3419
3419 3426
3420 3430
3420 3921
3421 3423
3421 3487
3421 3775
3422 3430
3422 3429
3423 3476
3423 3698
3424 3444
3424 3425
3424 3426
3424 3445
3425 3426
3425 3444
3425 3445
3427 3446
3428 3429
3428 3726
3429 3430
3429 3885
3429 3886
3429 3887
3430 3885
3430 3887
3430 3431
3430 3886
3431 3585
3432 3433
3432 3530
3432 3732
3432 3811
3433 3530
3433 3732
3433 3811
3434 3435
3434 3893
3435 3436
3435 3556
3436 3576
3436 3791
3437 3581
3437 3455
3437 3880
3437 3582
3438 3799
3438 3558
3438 3728
3439 3557
3439 3678
3440 3495
3440 3900
3440 3562
3440 3566
3440 3567
3440 3563
3442 3897
3443 3771
3443 3594
3445 3446
3447 3872
3448 3846
3448 3450
3448 3586
3449 3891
3449 3838
3450 3460
3450 3556
3451 3505
3451 3794
3452 3573
3452 3877
3452 3453
3452 3575
3452 3595
3453 3460
3454 3483
3454 3577
3454 3791
3454 3793
3455 3881
3456 3458
3457 3459
3457 3790
3457 3789
3458 3746
3459 3788
3459 3790
3459 3789
3461 3462
3461 3463
3461 3736
3461 3792
3462 3463
3462 3792
3463 3677
3465 3777
3465 3635
3465 3636
3465 3485
3465 3723
3465 3722
3465 3805
3466 3502
3467 3561
3468 3833
3468 3893
3468 3472
3469 3472
3470 3536
3470 3578
3473 3474
3473 3598
3473 3889
3474 3632
3474 3597
3474 3488
3476 3829
3477 3639
3477 3852
3477 3478
3477 3826
3477 3695
3478 3561
3478 3852
3478 3826
3478 3743
3478 3744
3478 3793
3479 3773
3479 3822
3480 3816
3480 3890
3480 3586
3480 3891
3482 3487
3482 3881
3483 3577
3484 3854
3484 3722
3484 3636
3484 3716
3485 3575
3485 3486
3486 3575
3486 3855
3487 3661
3487 3814
3489 3509
3489 3589
3490 3764
3491 3727
3491 3902
3491 3595
3493 3552
3493 3563
3494 3563
3494 3565
3495 3562
3495 3563
3495 3900
3495 3565
3495 3566
3496 3497
3496 3906
3497 3891
3497 3586
3497 3907
3498 3499
3498 3881
3499 3568
3500 3815
3500 3503
3500 3913
3501 3882
3501 3509
3501 3884
3502 3504
3502 3633
3503 3919
3503 3674
3503 3664
3503 3527
3503 3909
3504 3911
3505 3794
3505 3796
3505 3875
3506 3592
3506 3528
3506 3699
3506 3920
3507 3509
3507 3681
3508 3509
3508 3661
3509 3838
3510 3906
3511 3520
3511 3639
3512 3630
3512 3638
3512 3639
3512 3513
3513 3640
3513 3737
3513 3711
3513 3750
3513 3749
3514 3657
3514 3518
3514 3759
3514 3548
3515 3670
3516 3756
3516 3613
3516 3615
3516 3601
3516 3757
3516 3760
3517 3758
3518 3548
3518 3759
3518 3757
3519 3540
3519 3788
3519 3874
3521 3736
3521 3737
3521 3748
3521 3749
3522 3523
3522 3524
3522 3831
3523 3599
3524 3630
3525 3872
3526 3917
3526 3770
3526 3918
3527 3815
3527 3917
3527 3711
3527 3918
3529 3805
3530 3732
3530 3731
3530 3733
3530 3811
3532 3536
3532 3733
3533 3815
3533 3794
3534 3905
3534 3647
3534 3823
3534 3914
3536 3733
3537 3538
3537 3540
3537 3873
3538 3826
3539 3602
3539 3646
3539 3744
3539 3817
3540 3826
3540 3873
3543 3898
3544 3799
3545 3851
3545 3555
3545 3896
3545 3594
3545 3782
3545 3827
3546 3620
3546 3840
3546 3598
3546 3780
3549 3621
3549 3751
3551 3901
3552 3553
3552 3563
3553 3855
3553 3856
3554 3818
3554 3849
3554 3850
3554 3641
3554 3555
3554 3745
3555 3851
3555 3641
3555 3896
3555 3827
3557 3678
3557 3686
3557 3802
3557 3763
3557 3888
3559 3776
3560 3787
3560 3792
3561 3826
3562 3563
3563 3565
3564 3658
3566 3567
3566 3900
3567 3897
3568 3664
3569 3765
3569 3684
3570 3684
3570 3571
3571 3684
3571 3723
3571 3801
3571 3765
3572 3833
3573 3902
3573 3780
3573 3595
3573 3781
3574 3821
3576 3764
3578 3580
3581 3762
3582 3876
3582 3741
3584 3883
3584 3779
3585 3646
3586 3890
3586 3891
3586 3869
3586 3870
3587 3588
3590 3632
3591 3692
3593 3884
3593 3692
3593 3803
3594 3863
3595 3902
3595 3679
3595 3596
3598 3632
3600 3603
3601 3615
3601 3602
3601 3603
3601 3612
3601 3614
3601 3761
3601 3913
3602 3604
3605 3610
3605 3711
3605 3746
3605 3907
3606 3674
3606 3607
3606 3834
3608 3912
3608 3783
3608 3667
3610 3730
3610 3614
3611 3645
3612 3613
3612 3614
3613 3756
3613 3614
3613 3615
3613 3760
3614 3615
3615 3756
3615 3760
3618 3818
3618 3710
3619 3641
3619 3817
3619 3839
3620 3840
3620 3622
3622 3840
3622 3685
3623 3694
3623 3630
3624 3826
3625 3627
3625 3826
3625 3628
3626 3628
3627 3826
3627 3628
3628 3663
3629 3641
3630 3653
3631 3780
3631 3781
3631 3784
3632 3633
3632 3645
3633 3645
3634 3681
3635 3636
3635 3777
3635 3723
3636 3777
3636 3723
3636 3722
3638 3639
3638 3640
3641 3818
3641 3849
3641 3840
3641 3820
3642 3818
3642 3682
3644 3768
3644 3907
3646 3818
3647 3729
3647 3879
3647 3753
3647 3823
3648 3813
3649 3813
3650 3651
3653 3850
3654 3780
3657 3762
3657 3766
3660 3804
3661 3814
3661 3798
3662 3814
3662 3663
3664 3668
3664 3670
3664 3674
3665 3666
3665 3869
3666 3911
3667 3902
3667 3672
3667 3673
3668 3674
3668 3675
3669 3672
3672 3676
3673 3912
3674 3843
3674 3675
3674 3909
3675 3782
3676 3677
3678 3686
3678 3763
3678 3802
3680 3688
3680 3802
3682 3801
3682 3690
3682 3800
3684 3765
3684 3766
3684 3801
3685 3768
3687 3763
3688 3690
3688 3759
3690 3801
3691 3693
3694 3847
3695 3708
3697 3698
3698 3699
3698 3703
3699 3703
3701 3709
3702 3704
3702 3893
3702 3833
3703 3704
3703 3833
3705 3706
3705 3811
3705 3865
3711 3822
3713 3863
3713 3714
3714 3716
3714 3717
3714 3718
3715 3716
3716 3717
3716 3718
3717 3842
3717 3755
3717 3836
3718 3724
3719 3853
3719 3856
3719 3725
3720 3721
3722 3853
3722 3723
3722 3724
3722 3777
3723 3777
3723 3801
3723 3724
3724 3725
3724 3777
3727 3889
3727 3902
3728 3835
3729 3827
3729 3735
3729 3741
3732 3811
3734 3735
3736 3737
3736 3748
3736 3749
3737 3749
3737 3748
3737 3750
3738 3813
3738 3884
3740 3786
3743 3744
3743 3852
3744 3852
3745 3820
3745 3746
3746 3907
3746 3908
3747 3748
3749 3750
3751 3752
3751 3753
3752 3761
3752 3827
3752 3758
3753 3844
3755 3872
3757 3759
3757 3758
3757 3913
3758 3761
3761 3768
3761 3913
3763 3802
3767 3921
3769 3912
3770 3918
3771 3891
3771 3772
3772 3876
3772 3903
3773 3822
3773 3774
3774 3825
3775 3839
3780 3781
3780 3784
3781 3782
3782 3784
3783 3784
3786 3890
3788 3790
3788 3789
3788 3874
3789 3790
3791 3793
3794 3796
3800 3801
3803 3804
3803 3805
3804 3805
3804 3808
3806 3807
3807 3808
3809 3812
3810 3811
3816 3890
3817 3842
3818 3849
3818 3820
3818 3852
3819 3824
3820 3821
3820 3898
3821 3869
3821 3870
3822 3824
3823 3838
3825 3876
3826 3873
3827 3896
3827 3839
3827 3864
3830 3831
3830 3861
3833 3893
3835 3836
3836 3842
3836 3870
3837 3838
3842 3851
3845 3849
3847 3848
3849 3850
3850 3896
3854 3855
3854 3856
3855 3856
3861 3897
3862 3865
3863 3865
3866 3867
3868 3911
3868 3869
3869 3870
3870 3874
3871 3874
3872 3874
3878 3880
3878 3886
3883 3884
3885 3887
3886 3887
3887 3889
3891 3892
3894 3895
3902 3912
3903 3904
3907 3909
3909 3919
3909 3916
3913 3919
3914 3915
3914 3916
3917 3918
