2048 1843
2048 1889
2048 1891
2048 2049
2050 2147
2050 2108
2051 1777
2051 1946
2051 1754
2051 1864
2051 2154
2051 2207
2053 2125
2054 2279
2055 1606
2055 1873
2055 2207
2055 2072
2055 2242
2056 1552
2056 1637
2056 1912
2056 1961
2056 2021
2056 2309
2056 2322
2057 1783
2057 2014
2057 2028
2057 2349
2057 1962
2057 2146
2058 1610
2058 2008
2058 1887
2059 2060
2059 2284
2060 2061
2060 2149
2061 2157
2061 2149
2061 2111
2061 2083
2062 2343
2063 2207
2063 2261
2065 1616
2065 1617
2065 1618
2065 1620
2065 1699
2065 1911
2065 1959
2065 1964
2065 1972
2066 2223
2067 1817
2068 1635
2068 1655
2068 1764
2068 1765
2068 1766
2068 1872
2069 1674
2069 1773
2069 1774
2069 1842
2069 2008
2069 2127
2069 2308
2070 1788
2070 2279
2071 1571
2071 1609
2071 1658
2071 1997
2071 1998
2071 2176
2071 2325
2072 1688
2072 1779
2072 2030
2072 2031
2072 2032
2072 2073
2074 2157
2075 1970
2075 2038
2075 2125
2075 2076
2076 2080
2077 1793
2077 1807
2077 1559
2077 2330
2077 1708
2078 1652
2078 1653
2078 1575
2078 1561
2079 1953
2079 1955
2079 2212
2079 1993
2079 1650
2079 2080
2080 1847
2080 2027
2080 2213
2080 1561
2080 1993
2080 2214
2081 1980
2081 2028
2081 2349
2081 1985
2082 2192
2082 1580
2082 2343
2083 1682
2083 1686
2083 2111
2083 2086
2083 2219
2083 2336
2084 1605
2084 1685
2084 2085
2084 2105
2085 1685
2085 1762
2085 2308
2085 2086
2085 2105
2085 2299
2086 1611
2086 1762
2086 2090
2087 1662
2087 1765
2087 2088
2088 1599
2089 2090
2090 2091
2090 2141
2091 1821
2091 2092
2091 2208
2091 1810
2091 2096
2091 2282
2092 1993
2092 2096
2093 2014
2093 2338
2094 1633
2094 1702
2094 1703
2094 2095
2095 1631
2095 1633
2095 2096
2097 2329
2098 1626
2098 1627
2098 1914
2098 1930
2098 2034
2098 2302
2099 1627
2099 1725
2099 1726
2099 1865
2099 1866
2099 2019
2099 2100
2099 2193
2100 1850
2100 1866
2100 1865
2100 1930
2100 2109
2100 2233
2101 1745
2101 1995
2101 2036
2101 2221
2101 2220
2101 2040
2102 1662
2102 1957
2102 2204
2102 2145
2102 2158
2103 1663
2103 2104
2103 1987
2104 2317
2105 1548
2105 1576
2105 1591
2105 1594
2105 1603
2105 1604
2105 1605
2105 1678
2105 1774
2105 1806
2105 1945
2105 2307
2105 2106
2105 2273
2105 2308
2106 2107
2108 1573
2108 1614
2108 1930
2108 2277
2108 2034
2108 2109
2108 2172
2108 2176
2108 2293
2109 1550
2109 1551
2110 1633
2110 2112
2110 2157
2110 2320
2111 1666
2111 2157
2112 1819
2112 1958
2112 2157
2112 2280
2113 1810
2113 2314
2114 1894
2114 1895
2114 2115
2115 1894
2115 1897
2115 1895
2115 1896
2116 1809
2116 1825
2116 1854
2116 1894
2116 2118
2116 2119
2116 2120
2116 2175
2117 1849
2117 2118
2117 2119
2118 2120
2118 2119
2119 1989
2119 1867
2120 1703
2120 1813
2121 1917
2121 2122
2122 1786
2122 2180
2123 1654
2123 1786
2123 1922
2123 2038
2123 2124
2125 1793
2125 1795
2125 1970
2125 2027
2126 1792
2126 2235
2127 1773
2127 1923
2128 1704
2128 1848
2128 2002
2128 2285
2129 1778
2129 1779
2129 2139
2129 1768
2130 1684
2130 2141
2130 1835
2132 2140
2132 2271
2134 1710
2135 1671
2135 2263
2136 2139
2136 2172
2137 1591
2137 2285
2139 1812
2140 2142
2141 1567
2143 1605
2143 1775
2143 1769
2143 1835
2144 1711
2144 1869
2145 2185
2145 1765
2146 1780
2146 1782
2146 1859
2146 2204
2146 1772
2148 2150
2148 1778
2148 2179
2149 1764
2150 1771
2150 1707
2150 1770
2150 1808
2151 1675
2151 1770
2151 1772
2151 1886
2152 2156
2152 2155
2152 1776
2152 2154
2153 1684
2153 2159
2153 1749
2154 1569
2154 1778
2154 2155
2154 1557
2154 2194
2155 2156
2156 1601
2156 1611
2156 1557
2156 2158
2157 1682
2157 1838
2157 1958
2157 2017
2158 1601
2158 1567
2158 1611
2159 1687
2159 1732
2159 1835
2159 1853
2160 1612
2160 1722
2160 1832
2160 2285
2161 1819
2161 2162
2162 1578
2162 1579
2162 1899
2163 2343
2163 1974
2164 1818
2164 2299
2165 2314
2165 2015
2165 2260
2166 1920
2166 2288
2167 1821
2167 2181
2167 2173
2168 2191
2168 2169
2168 2190
2168 2170
2168 2299
2169 1828
2169 1830
2169 1987
2169 2191
2169 2190
2169 2170
2169 2171
2169 2300
2170 2191
2170 2171
2170 1815
2171 2191
2172 2046
2172 1667
2173 1825
2173 1646
2173 1821
2174 1553
2174 1720
2174 1843
2174 2234
2174 2298
2175 1825
2175 2233
2176 1815
2177 1815
2177 2178
2178 1949
2178 2179
2179 1947
2179 2188
2180 1636
2180 1947
2180 2010
2180 2269
2180 2182
2181 1662
2181 2208
2183 1666
2183 1668
2183 2260
2183 2277
2183 2249
2184 1656
2185 1606
2185 1637
2185 1669
2185 1893
2185 1916
2185 2255
2185 1810
2185 2234
2186 1633
2186 1644
2186 1645
2186 1646
2186 2187
2187 1645
2187 1646
2187 1672
2187 1809
2187 2224
2187 2208
2187 1644
2188 1814
2188 1894
2188 1812
2188 2255
2189 1588
2189 1987
2189 1814
2189 2324
2190 2191
2190 1987
2191 1588
2191 1623
2191 1815
2192 1864
2192 1946
2193 1657
2193 1725
2195 1561
2196 1560
2197 1555
2197 1560
2197 1650
2197 1706
2197 1740
2197 1750
2197 1993
2198 2278
2199 2298
2199 2201
2199 2202
2199 2031
2199 2030
2199 2203
2200 2202
2200 1961
2200 2032
2200 2201
2201 1940
2201 2032
2201 2033
2201 2202
2201 2203
2202 1552
2202 2031
2202 2033
2202 2203
2202 2309
2203 2032
2204 1662
2204 1957
2206 1787
2206 1789
2206 1822
2206 2208
2206 2221
2206 2220
2207 1556
2207 1637
2207 1747
2207 1778
2207 1791
2207 1932
2207 1966
2207 2016
2207 2035
2208 1646
2208 1747
2208 1790
2208 1791
2208 1821
2208 2016
2208 2224
2209 1634
2209 1644
2209 1645
2209 1646
2209 2210
2210 1789
2210 1646
2211 2212
2211 2310
2211 1650
2213 1705
2213 1803
2213 1808
2213 2214
2213 1575
2214 1555
2214 2329
2215 1650
2215 2311
2215 2313
2216 1787
2216 2218
2216 2217
2216 2267
2217 1787
2217 2218
2217 2251
2218 1787
2219 1641
2219 1696
2219 1966
2219 2001
2219 2285
2219 2252
2220 1554
2220 2302
2220 2221
2221 1789
2221 1991
2222 1984
2222 2223
2222 1642
2223 1643
2223 1721
2223 1722
2223 1985
2223 2285
2224 1790
2224 1646
2225 1564
2225 1885
2226 1664
2226 1727
2226 1729
2226 1730
2227 2039
2227 2257
2228 1987
2228 1831
2228 1935
2229 1875
2229 1867
2229 1874
2229 1883
2230 1733
2230 2231
2231 1733
2231 1810
2232 1723
2232 1606
2232 2284
2232 1732
2233 1823
2233 2235
2233 1850
2234 1981
2235 1994
2235 2237
2235 2030
2237 1690
2237 1817
2238 1625
2238 1698
2238 2239
2239 2024
2240 1617
2241 1568
2241 1692
2241 1965
2241 2333
2242 1696
2243 1663
2243 1729
2243 2244
2244 1735
2245 1665
2245 1669
2245 1834
2245 1836
2246 1734
2246 2020
2246 2315
2246 2035
2248 1736
2248 1874
2248 1977
2248 1867
2248 1883
2249 1675
2249 2020
2251 2025
2252 1944
2253 1619
2253 1834
2253 2025
2253 1810
2254 1676
2254 1987
2255 1587
2255 1811
2255 1814
2255 1945
2255 1987
2255 2323
2255 2327
2255 2328
2256 1586
2256 1900
2256 1574
2257 1767
2258 2014
2258 2012
2258 2292
2259 2028
2259 2349
2259 2270
2260 1573
2260 1846
2260 2277
2261 2263
2261 2262
2263 1703
2263 1940
2263 1982
2264 1670
2264 2030
2265 1936
2266 1894
2267 2026
2267 1835
2269 1968
2270 1785
2271 1899
2271 1907
2271 1909
2271 2272
2273 1905
2273 2274
2274 1905
2275 2276
2277 1573
2277 1667
2278 1555
2279 1608
2279 1732
2279 1733
2280 1819
2281 1791
2281 1606
2283 1683
2283 1810
2284 1563
2284 1733
2284 1732
2284 1606
2285 1643
2285 1721
2285 1722
2285 1767
2285 1903
2285 1916
2285 1985
2286 1818
2286 1888
2286 2004
2286 2296
2286 2287
2287 2004
2287 2044
2288 1581
2288 1822
2288 1829
2288 1904
2288 2315
2288 2295
2289 1820
2289 1829
2289 2290
2289 2295
2289 2291
2290 1693
2290 1820
2290 1828
2290 1830
2290 2291
2290 2315
2291 1827
2292 1785
2292 1826
2292 2012
2292 1829
2292 1820
2293 1647
2294 2040
2296 1818
2296 1819
2296 1888
2296 2004
2296 1574
2299 2300
2300 1691
2300 2301
2300 1987
2300 1828
2300 1830
2300 1699
2301 1691
2301 1689
2301 1679
2302 1554
2302 1930
2302 2303
2303 1548
2303 1797
2304 1548
2304 1586
2305 1556
2305 1606
2305 1967
2305 1968
2306 1669
2306 1990
2307 1548
2307 1604
2307 1678
2307 1963
2308 1592
2308 1605
2308 1685
2309 1552
2309 1694
2309 1868
2309 1961
2309 1975
2310 1648
2310 1951
2310 1955
2310 1559
2311 1650
2311 2313
2312 1992
2312 1993
2312 1650
2312 2313
2313 1650
2314 1909
2314 1971
2314 1810
2314 1974
2315 1663
2315 1972
2316 1812
2316 2328
2317 2332
2317 1831
2317 1934
2318 1960
2318 1864
2318 1946
2318 1754
2319 1699
2320 1607
2320 2024
2320 2322
2320 2020
2321 1725
2321 2003
2321 1599
2322 1912
2322 2021
2323 1814
2323 2331
2324 1585
2324 2327
2326 1741
2326 1559
2326 1748
2327 1987
2327 1831
2327 2328
2328 2331
2328 1987
2329 1709
2329 1772
2329 1955
2329 1559
2330 1950
2330 1993
2330 1559
2330 1708
2331 2332
2331 1814
2333 1950
2333 1975
2334 1719
2335 1695
2335 1901
2335 2345
2335 2343
2335 2339
2335 2337
2336 1904
2336 2337
2337 1723
2337 2345
2338 1696
2338 1743
2338 1908
2339 1724
2340 1900
2340 1906
2340 2346
2340 1625
2341 2343
2341 2345
2342 1902
2342 2346
2342 1900
2343 1901
2343 2345
2344 1808
2345 1782
2345 2347
2346 2348
2346 1903
2346 1773
2346 2347
2347 2028
2347 2349
2347 1625
2347 1901
2348 1625
2349 1783
2349 1962
2349 1976
2349 2014
2349 2028
1548 1963
1549 1601
1550 1969
1550 1551
1550 1867
1550 1735
1550 1977
1551 1969
1552 1961
1552 1785
1553 1841
1553 1698
1554 1737
1555 1993
1555 1561
1555 1951
1555 1953
1556 1968
1556 1967
1557 1569
1557 1778
1557 2017
1558 1732
1558 1810
1558 1567
1558 1747
1558 2016
1559 1708
1559 1748
1559 1560
1559 1648
1559 1649
1559 1653
1559 1807
1560 1748
1560 1708
1560 1740
1560 1750
1560 1859
1562 1861
1563 1567
1563 1641
1563 1601
1564 1885
1564 1980
1565 1684
1566 1867
1567 1601
1567 1764
1567 1810
1568 1692
1569 1867
1569 1777
1569 1778
1570 1997
1571 1997
1571 1601
1571 1572
1571 1609
1571 1658
1571 1998
1574 1986
1575 1652
1575 1653
1577 1810
1577 1971
1579 2035
1580 1816
1581 1935
1582 1959
1582 1849
1582 1947
1583 1915
1584 1942
1584 1941
1584 1947
1584 2012
1584 2013
1585 1924
1587 1935
1587 1987
1588 1623
1589 1937
1589 2036
1590 1937
1591 1594
1592 1773
1593 1594
1593 1595
1593 1923
1593 1849
1594 1595
1595 1923
1595 1925
1595 2038
1595 1921
1596 1896
1596 1897
1596 1849
1597 1897
1597 1894
1597 1778
1598 1756
1599 1791
1599 1600
1600 1764
1600 1791
1601 1777
1601 1611
1601 1609
1602 1758
1602 1603
1603 1758
1603 1605
1603 1759
1604 1918
1604 1605
1605 1678
1605 2040
1606 1732
1606 1637
1606 1733
1606 1747
1606 1792
1607 1764
1607 1608
1608 1703
1608 1701
1609 1610
1609 1658
1611 1791
1611 1776
1612 1848
1612 1832
1613 1914
1613 1657
1614 1966
1614 1967
1614 1930
1616 1964
1617 1911
1617 1913
1618 1972
1618 1701
1618 2024
1619 1703
1620 1964
1621 1715
1621 1962
1621 1622
1622 1712
1622 1715
1622 1918
1622 1623
1622 1806
1623 1624
1623 1920
1624 1920
1627 1629
1628 1630
1628 1863
1629 1716
1630 2000
1630 1999
1631 1821
1631 1632
1631 1683
1631 1912
1631 2021
1633 1634
1633 1644
1636 1852
1636 1938
1637 1810
1637 1873
1639 1699
1639 1690
1639 1689
1639 1647
1639 1701
1640 1641
1641 1643
1642 1984
1642 1985
1642 1721
1642 1877
1643 1985
1643 1775
1643 1926
1644 1645
1644 1646
1645 1646
1646 1809
1647 1681
1648 1680
1648 1701
1650 1992
1650 1993
1652 1653
1654 1866
1654 1870
1655 1944
1655 1765
1657 1914
1657 1973
1658 1998
1658 1997
1659 1995
1659 1910
1659 1994
1660 1937
1661 1989
1664 1729
1664 1730
1665 1836
1666 1668
1666 1861
1667 2006
1668 1819
1669 1670
1669 1673
1669 1691
1669 1990
1670 1671
1670 1672
1670 1673
1671 1743
1671 1908
1671 1673
1672 1673
1673 1809
1674 2040
1675 1771
1675 1716
1675 1770
1675 1886
1676 1948
1677 1829
1677 1685
1677 1681
1677 1812
1678 1679
1679 1933
1681 1685
1681 1699
1681 1920
1682 1685
1683 1684
1684 1908
1685 1762
1689 1699
1689 1691
1690 1699
1693 1987
1693 1829
1694 1695
1695 1868
1696 1697
1696 1861
1698 1796
1698 1887
1699 1700
1700 1701
1702 1703
1702 1746
1703 2025
1704 1848
1704 2002
1704 1832
1705 1808
1705 1890
1706 1799
1707 1709
1707 1772
1707 1803
1707 1804
1707 1808
1708 1748
1709 1772
1709 1893
1709 1937
1710 1711
1712 1760
1712 1713
1712 1714
1712 1717
1712 1806
1713 1805
1713 1806
1714 1715
1714 1718
1714 1717
1715 1718
1715 1717
1715 1716
1716 1718
1716 1717
1717 1718
1717 1760
1717 1758
1720 1788
1721 1722
1721 1985
1721 1767
1721 1984
1721 1723
1722 1767
1723 1767
1724 1784
1725 1865
1725 2003
1725 2004
1726 1769
1726 1922
1727 1773
1728 2019
1728 1833
1728 1744
1728 1743
1728 1952
1729 1730
1730 1731
1731 1734
1732 1733
1732 1788
1732 1835
1732 1841
1732 1850
1732 1954
1732 2026
1735 1867
1735 1736
1735 1969
1736 1867
1736 1883
1736 1942
1736 1977
1737 1884
1737 1844
1737 1875
1737 1916
1737 1738
1740 1750
1743 1744
1743 2042
1744 1952
1744 1833
1744 2019
1745 1839
1746 1938
1746 1852
1747 2016
1747 1788
1747 1778
1749 1901
1754 1864
1754 1946
1754 1960
1755 1914
1760 1920
1760 1773
1760 1806
1764 1765
1764 1842
1765 1766
1766 1842
1767 1985
1767 1903
1767 2029
1768 1960
1769 1770
1769 1773
1769 1775
1769 1873
1770 1772
1770 1771
1770 1886
1771 1772
1772 1773
1772 1782
1773 1774
1773 1923
1773 2008
1774 2040
1774 2008
1775 1985
1775 1916
1776 1777
1776 1858
1776 1966
1777 2016
1778 1779
1778 2036
1779 1780
1779 2036
1779 1867
1780 1781
1780 1782
1780 1979
1781 1782
1783 2028
1783 1962
1784 1914
1785 1961
1785 1975
1785 2043
1787 1991
1787 2044
1787 1789
1788 1928
1788 1973
1789 1822
1792 1793
1792 2027
1793 1795
1793 2027
1795 1956
1795 1985
1797 1985
1798 1846
1800 1802
1800 1804
1801 2018
1801 1882
1801 1816
1802 1804
1802 1808
1803 1808
1803 1804
1804 1806
1804 1808
1806 1918
1809 1825
1810 1971
1810 1821
1810 1916
1810 1945
1810 1974
1811 1814
1811 1987
1811 1827
1812 1814
1812 1933
1813 1948
1813 1920
1814 1827
1814 1934
1816 1882
1816 2018
1818 1987
1820 1830
1820 1828
1820 1827
1823 1930
1823 1843
1823 1890
1824 1826
1828 1830
1828 1987
1830 1987
1831 1987
1831 1934
1833 2019
1834 1836
1835 1845
1835 1884
1837 1943
1837 2015
1838 1839
1838 2035
1839 2025
1839 2023
1840 1944
1840 2025
1841 2023
1843 1891
1843 1890
1844 1845
1844 1983
1845 1881
1846 2006
1847 2027
1847 2029
1848 2002
1849 1883
1849 1854
1850 1889
1850 1883
1850 1884
1851 1853
1851 1914
1851 1852
1852 1938
1853 1908
1853 2041
1854 1908
1856 1932
1856 1938
1859 1860
1859 1862
1860 1862
1864 1946
1864 1960
1865 1866
1866 1872
1866 2003
1866 1870
1867 1875
1867 1874
1867 1883
1867 1969
1867 2045
1868 1869
1869 1901
1873 2040
1874 1883
1874 1875
1874 1884
1874 1885
1875 1883
1875 1885
1876 1916
1876 1985
1879 1880
1879 1881
1880 1881
1882 2018
1883 2003
1883 1884
1883 1928
1884 1885
1889 1890
1889 1916
1889 1891
1889 2021
1890 1891
1890 2021
1891 1892
1894 1897
1894 1895
1894 1896
1894 1934
1894 1988
1896 1897
1900 1906
1900 1902
1903 1985
1904 1916
1905 2040
1907 1909
1909 1943
1912 2021
1916 1985
1916 1928
1916 1983
1917 1918
1918 1920
1921 1925
1921 1929
1923 1925
1925 1927
1926 1927
1928 1956
1928 1985
1928 2003
1928 1983
1928 1984
1930 1931
1933 2016
1940 1942
1940 1941
1941 1942
1941 2012
1941 1982
1941 2011
1942 2012
1942 2032
1942 1978
1942 1982
1942 2010
1943 2015
1943 1944
1946 1960
1947 1959
1949 1957
1949 1951
1950 1951
1951 1953
1951 1955
1953 1955
1956 2003
1956 1973
1956 2013
1961 2032
1962 2028
1962 2014
1965 1972
1966 1967
1966 2016
1967 1968
1970 1985
1971 1974
1971 2006
1975 1976
1976 1978
1976 2028
1978 1982
1978 2012
1978 1979
1981 2031
1982 2032
1982 2012
1983 1985
1983 1984
1984 1985
1992 1993
1995 2025
1996 1997
1999 2000
2004 2005
2005 2007
2007 2008
2010 2012
2010 2011
2010 2032
2011 2012
2012 2013
2014 2028
2023 2025
2030 2031
2030 2033
2032 2033
2037 2044
2037 2043
2038 2040
2039 2043
2041 2042
2043 2044
