6238 6366
6238 6412
6238 6876
6239 6909
6239 6639
6239 6457
6240 6910
6240 6383
6240 6382
6240 6799
6240 6243
6241 7011
6241 6589
6241 6451
6241 6448
6241 7012
6241 6242
6241 6340
6241 6522
6241 6587
6242 6248
6242 6250
6243 6244
6243 6309
6243 6247
6243 6617
6243 6308
6243 6978
6243 6432
6244 6617
6244 6824
6244 6429
6244 6248
6244 6940
6244 6309
6245 6710
6245 6888
6247 6303
6247 6672
6247 6603
6247 6918
6247 6432
6247 6970
6248 6805
6248 6791
6249 7013
6249 7016
6249 6932
6249 6452
6249 6312
6250 6611
6250 6805
6250 6290
6251 6874
6251 7017
6251 6306
6251 6872
6252 6752
6253 6438
6253 6359
6253 6484
6254 6318
6254 6486
6254 6798
6255 6874
6255 6995
6255 6872
6255 6256
6255 6551
6255 6552
6256 6454
6256 6995
6257 6269
6257 6555
6257 6554
6257 6731
6257 6261
6259 6861
6259 6720
6259 6262
6259 6260
6259 6312
6259 6383
6259 6860
6259 6875
6260 6861
6260 6262
6260 6720
6260 6383
6260 6875
6261 6554
6261 6550
6261 6269
6261 6281
6261 6884
6262 6861
6262 6263
6262 6720
6262 6898
6262 6875
6262 6902
6262 6264
6263 6264
6263 6338
6263 6722
6263 6721
6263 6897
6264 6721
6264 6722
6264 6440
6264 6312
6264 6296
6265 6488
6265 6841
6265 6290
6265 6411
6266 6267
6266 6343
6266 6273
6267 6273
6267 6268
6267 6291
6267 6327
6267 6515
6267 6754
6269 6554
6269 6555
6269 6284
6269 6283
6269 6586
6271 6616
6271 6677
6271 6747
6272 6678
6273 6714
6273 6343
6274 6433
6274 6725
6275 6992
6275 6325
6275 6376
6275 6447
6275 6602
6275 6655
6275 6756
6275 6763
6275 6897
6275 6994
6275 7016
6276 6745
6276 6308
6276 6616
6277 6533
6277 6606
6277 6993
6278 6328
6280 6282
6280 6281
6280 6609
6280 6554
6281 6554
6282 6284
6282 6312
6282 6609
6283 6312
6284 6459
6285 6570
6285 6968
6286 6972
6286 6956
6286 7009
6286 6702
6286 6529
6286 6746
6287 6297
6287 6494
6288 6303
6288 6656
6288 6499
6289 6347
6290 6748
6290 6611
6290 6805
6291 6994
6292 6320
6292 6458
6292 6450
6293 6779
6293 6455
6293 6511
6294 6312
6294 6296
6295 6631
6295 6776
6295 6816
6296 6487
6296 6312
6296 6877
6297 6299
6298 6364
6298 6768
6298 6455
6298 6741
6298 6939
6298 6950
6299 6767
6299 6319
6299 6593
6299 6486
6299 6909
6300 6504
6301 6406
6301 6463
6301 6875
6301 6905
6301 7018
6302 6702
6302 6750
6302 6734
6302 6892
6302 6909
6303 6603
6303 6308
6303 6315
6303 6370
6303 6549
6303 6604
6303 6656
6303 6819
6303 6861
6303 6917
6304 6606
6304 6605
6304 6415
6304 6533
6304 6604
6304 6883
6305 6801
6305 6434
6306 6913
6306 6527
6306 6712
6306 6386
6306 6525
6306 6619
6306 6757
6306 6878
6307 6331
6307 6315
6307 6644
6307 6376
6307 6330
6308 6309
6308 6603
6308 6679
6308 6615
6308 6978
6309 6978
6310 6314
6311 6322
6311 6712
6311 6312
6311 6978
6311 6618
6312 6403
6312 6459
6312 6316
6312 6317
6312 6402
6312 6424
6312 6487
6312 6535
6312 6646
6312 6665
6312 6712
6312 6747
6312 7000
6313 6632
6313 6328
6314 6771
6314 6921
6314 6892
6314 6443
6314 6644
6314 6980
6315 6603
6315 6331
6315 6656
6315 6330
6316 6317
6316 6659
6316 6886
6317 6803
6317 6708
6318 6578
6318 6654
6318 6889
6319 6909
6319 6457
6319 6579
6319 6767
6320 6450
6320 6941
6320 6458
6321 6498
6321 6378
6321 6507
6321 6772
6321 6990
6321 6987
6321 6629
6321 6912
6322 6566
6322 6574
6322 6618
6323 6803
6323 6556
6323 6891
6323 6689
6323 6830
6323 6842
6323 6930
6323 6945
6323 6979
6324 6325
6324 6999
6324 6403
6324 6405
6324 6406
6325 6801
6325 6403
6325 6756
6326 6779
6327 6969
6328 6329
6328 6821
6328 6426
6328 6470
6328 6632
6329 6470
6329 6821
6329 6476
6330 6331
6331 6376
6332 6940
6332 6486
6332 6653
6333 6976
6333 6642
6333 6850
6333 6503
6334 6742
6334 6469
6334 6647
6334 6923
6334 6445
6334 6460
6334 6468
6334 6582
6334 6820
6334 6827
6334 6831
6334 6873
6334 6922
6335 6873
6335 6820
6335 6375
6335 6827
6335 6374
6335 6351
6335 6723
6335 6647
6335 6722
6336 6895
6336 6787
6336 6906
6336 6650
6336 6897
6336 6907
6336 6926
6337 6902
6337 6898
6337 6696
6338 6897
6338 6902
6338 6898
6338 6342
6339 6874
6339 6648
6339 6532
6339 6342
6340 7011
6340 6899
6340 6589
6340 6343
6342 6874
6342 6882
6343 6542
6343 6714
6344 6345
6344 6473
6344 6478
6344 6646
6344 6916
6344 6929
6344 6963
6344 6998
6345 6473
6345 6360
6345 6583
6345 6644
6345 6923
6346 6348
6346 6613
6347 6818
6347 6815
6347 6728
6348 6852
6349 6409
6350 6354
6350 6361
6351 6647
6351 6820
6351 6375
6351 6873
6351 6374
6351 6723
6352 6362
6353 6354
6353 6355
6353 6495
6353 6907
6354 6847
6354 6361
6355 6566
6355 6650
6356 6444
6357 6515
6357 6650
6357 6925
6358 7015
6358 6649
6358 6795
6358 6724
6359 6717
6360 6473
6360 6361
6362 6757
6362 6712
6363 6664
6363 6934
6364 6950
6365 6410
6365 6889
6366 6382
6366 6412
6366 6766
6366 6876
6367 6860
6367 6610
6368 6371
6368 6372
6368 6373
6369 6863
6369 6818
6369 6720
6369 6381
6369 6610
6369 6868
6370 6610
6370 6863
6370 6611
6370 6720
6370 6441
6370 6371
6370 6609
6371 6372
6371 6373
6371 6610
6371 6863
6371 6720
6372 6373
6373 6730
6373 6820
6373 6722
6374 6389
6374 6375
6374 6994
6374 6742
6374 6723
6374 6647
6374 6464
6374 6646
6374 6936
6375 6532
6375 6648
6375 6820
6375 6647
6375 6540
6375 6582
6375 6645
6375 6722
6375 6871
6375 6873
6376 6377
6376 6992
6377 6416
6377 6435
6377 6605
6378 6507
6378 6772
6378 6990
6378 6498
6378 6629
6378 6817
6378 6912
6378 6987
6379 6724
6379 6871
6379 6943
6379 6621
6379 6649
6379 6466
6380 6977
6380 6834
6380 6842
6381 6863
6381 6868
6381 6720
6381 6817
6381 6730
6381 6718
6381 6818
6381 6861
6381 6610
6381 6842
6382 6766
6382 6383
6383 6799
6383 6910
6383 6860
6383 6687
6383 6989
6384 6418
6384 6719
6384 6419
6384 6385
6384 6424
6385 6694
6385 6862
6385 6684
6385 6900
6385 6833
6385 6423
6385 6658
6385 6695
6385 7008
6386 6831
6386 6712
6386 6913
6386 6648
6386 6453
6387 6640
6387 6678
6387 6690
6387 6586
6387 6866
6387 6867
6388 6455
6388 6389
6388 6526
6389 6742
6389 6455
6389 6445
6389 6530
6389 6831
6390 6391
6390 6735
6390 6392
6390 6395
6390 6749
6391 6749
6391 6395
6391 6735
6391 6393
6391 6740
6392 6395
6392 6735
6392 6740
6393 6395
6394 6453
6395 6735
6395 6740
6395 6736
6397 6611
6397 6916
6398 6682
6398 6915
6398 6694
6398 6916
6398 6680
6399 6917
6399 6918
6400 6770
6401 6913
6401 6525
6402 6999
6402 6410
6402 6483
6402 6665
6403 6406
6403 6999
6403 6665
6404 6999
6404 6631
6405 6919
6405 6999
6406 6999
6407 6719
6407 6449
6407 6837
6407 6804
6407 6423
6408 6409
6408 6981
6409 6769
6410 6411
6410 6889
6410 6421
6411 6812
6411 6811
6412 6413
6413 6414
6414 6662
6414 6664
6415 6626
6415 6605
6415 6416
6415 6883
6416 6605
6416 6435
6416 6626
6417 6418
6417 6630
6417 6425
6417 6423
6418 6630
6418 6425
6418 6423
6418 6424
6418 6831
6419 6874
6419 6872
6419 6529
6421 6707
6421 6899
6423 6425
6424 6462
6424 6986
6424 6461
6425 6630
6426 6567
6426 6571
6427 6680
6428 6670
6428 6798
6428 6608
6428 6783
6428 6924
6429 6879
6429 6979
6429 6978
6429 6845
6429 6982
6430 6431
6431 6919
6431 6596
6431 6885
6432 6468
6432 6560
6432 6845
6432 6573
6433 6725
6433 6677
6433 6773
6433 6689
6434 6991
6435 6883
6435 6554
6436 6971
6437 6855
6437 6854
6437 6953
6437 6492
6437 6493
6437 6520
6437 6523
6437 6534
6437 6561
6437 6590
6437 6931
6438 6760
6438 6664
6438 6614
6439 6930
6440 6441
6441 6610
6441 6698
6441 6808
6442 7009
6442 6956
6442 6972
6443 6771
6443 6830
6445 6831
6445 6873
6445 6820
6446 6994
6446 7019
6448 7012
6448 7011
6448 6449
6448 6451
6449 6837
6449 7011
6449 6719
6449 7012
6450 6737
6450 6735
6451 6587
6451 7011
6452 7013
6452 7016
6452 7009
6452 6956
6452 6972
6453 6545
6455 6742
6455 6511
6456 6562
6456 6798
6456 6988
6456 6654
6456 6893
6456 6941
6457 6909
6457 6639
6457 6461
6458 6490
6459 6650
6459 7012
6460 6500
6460 6532
6460 6501
6461 6462
6461 6912
6461 6898
6461 6911
6462 6912
6462 6657
6462 6500
6463 6644
6463 6767
6463 6728
6463 6579
6464 6465
6465 6569
6466 6532
6466 6872
6466 6871
6466 6869
6466 6467
6467 6873
6468 6753
6468 6469
6468 6800
6468 6573
6470 6821
6471 6874
6471 6821
6473 6583
6473 6923
6473 6957
6473 6958
6473 6963
6474 6929
6474 6787
6475 6478
6476 6891
6479 6629
6480 6848
6480 6505
6480 6849
6480 6851
6480 6838
6480 6504
6480 6850
6481 6482
6481 6816
6481 6848
6482 6848
6482 6504
6482 6849
6482 6851
6482 6850
6483 6505
6483 6849
6483 6485
6484 6709
6484 6641
6486 6638
6486 7005
6486 6908
6486 6686
6486 6783
6487 6488
6487 6889
6488 6803
6488 6514
6488 6568
6488 6887
6488 6889
6489 6888
6489 7007
6490 6880
6490 6525
6490 6491
6490 6527
6490 6882
6491 6561
6491 6882
6492 6493
6492 6585
6492 6854
6492 6675
6493 6881
6493 6854
6493 6855
6494 6495
6496 6881
6496 6854
6496 6855
6496 6497
6497 6776
6498 6990
6498 6507
6498 6772
6498 6987
6498 6629
6498 6817
6498 6912
6500 6501
6500 6657
6500 6504
6502 6850
6502 6642
6502 6691
6502 6643
6503 6611
6503 6642
6503 6931
6504 6848
6504 6851
6504 6932
6504 6505
6504 6640
6504 6962
6505 6848
6505 6851
6505 6850
6505 6849
6505 6898
6506 6809
6507 6772
6507 6990
6507 6629
6507 6817
6507 6912
6507 6987
6508 6689
6509 6869
6509 6532
6509 6872
6509 6874
6509 6648
6509 6785
6510 6846
6510 6657
6511 6530
6511 6716
6513 6797
6514 6796
6514 6889
6516 6591
6516 6895
6516 6956
6516 6972
6516 6517
6516 6592
6516 6906
6517 6521
6517 6592
6517 6518
6517 6522
6518 6522
6518 6521
6518 6581
6520 6523
6522 6589
6522 7011
6523 6855
6523 6527
6524 6855
6524 6854
6524 6881
6525 6527
6525 6788
6525 6880
6525 6870
6525 6526
6526 7015
6527 6880
6527 6531
6528 6531
6529 6530
6529 6880
6529 6668
6530 6901
6530 6874
6531 6788
6531 6693
6531 6880
6532 6648
6532 6872
6532 6869
6532 6874
6532 6540
6532 6551
6532 6590
6532 6645
6532 6871
6534 6753
6534 6787
6536 6805
6536 7000
6536 7001
6537 6706
6537 6874
6537 6901
6538 6646
6538 6644
6538 6673
6539 6927
6539 6650
6539 6905
6540 6874
6540 6647
6540 6820
6540 6648
6540 6723
6540 6722
6541 6997
6541 6787
6542 6560
6542 6760
6542 6631
6542 6776
6543 6544
6543 6545
6544 6976
6545 7017
6546 6833
6546 6547
6546 6727
6546 6733
6546 7008
6547 6695
6549 6819
6549 6554
6550 6554
6550 6884
6551 6552
6551 6995
6551 6553
6552 6995
6552 6553
6553 6819
6553 6801
6553 6554
6553 6995
6554 6819
6554 6883
6554 6884
6555 6714
6555 6589
6555 6903
6556 6891
6556 6597
6556 6803
6557 6558
6557 6999
6560 6760
6560 6572
6560 6573
6561 6628
6562 6798
6562 6670
6562 6988
6562 6782
6563 6636
6563 6593
6564 6639
6564 6566
6565 6894
6565 6652
6565 6940
6565 6651
6566 6650
6567 6726
6567 6638
6567 6571
6569 6571
6571 6574
6571 6888
6571 6573
6572 6573
6572 6631
6572 6669
6573 6740
6573 6866
6574 6637
6575 6963
6577 6622
6579 6655
6579 6754
6580 6800
6582 6922
6582 6820
6582 6827
6582 6648
6582 6742
6582 6826
6583 6923
6583 6674
6583 6826
6583 6916
6584 6905
6584 6959
6584 6906
6584 6927
6584 6847
6585 6854
6585 6881
6585 6855
6585 6857
6586 6816
6586 6678
6586 6690
6586 6865
6587 6589
6587 6985
6587 7011
6587 6789
6587 6596
6588 6965
6588 6963
6589 7011
6590 6901
6590 6872
6590 6874
6591 6592
6593 6636
6593 6816
6593 6950
6594 6639
6595 6640
6595 6845
6595 6910
6596 6919
6596 6885
6596 6985
6597 6891
6597 6983
6598 6604
6598 6952
6598 6736
6599 6975
6599 6977
6599 6981
6600 6680
6600 6977
6600 6726
6600 6843
6602 6819
6602 6898
6602 6897
6603 6604
6603 6679
6603 6681
6605 6626
6605 6883
6606 6993
6607 6672
6608 6670
6608 6798
6608 6609
6609 6610
6610 6863
6610 6720
6610 6861
6610 6862
6610 6819
6610 6697
6610 6868
6611 6805
6611 6852
6612 6804
6612 6719
6612 6837
6612 6861
6612 6615
6612 6731
6613 6934
6613 6614
6615 6837
6615 6804
6616 6747
6617 6978
6617 6618
6618 6657
6619 6704
6619 6785
6621 6811
6621 6713
6621 6717
6621 6748
6621 6812
6621 6884
6621 6963
6622 6890
6622 6860
6622 6705
6623 6680
6623 6679
6623 6824
6624 6703
6624 6704
6627 6680
6628 6707
6629 6772
6629 6990
6629 6657
6629 6688
6629 6942
6631 6776
6631 6760
6631 6741
6631 6950
6633 6709
6633 6641
6636 6796
6636 6950
6637 7014
6637 7007
6637 6866
6637 6717
6637 6715
6638 7005
6638 6908
6638 6686
6639 6686
6639 6687
6639 6703
6639 6783
6640 6678
6640 6692
6640 6748
6640 6866
6641 6709
6641 6691
6642 6691
6642 6850
6643 6691
6644 6645
6644 6892
6644 6646
6644 6728
6645 6647
6646 6673
6647 6820
6647 6869
6647 6827
6647 6722
6647 6723
6647 6865
6647 6873
6648 6872
6648 6869
6648 6874
6649 6724
6650 6755
6650 6757
6650 6762
6650 6787
6650 6810
6650 6840
6650 6847
6650 6886
6650 6894
6650 6925
6650 6926
6650 6927
6650 6942
6650 6964
6650 6997
6650 7012
6651 6652
6651 6905
6651 6894
6652 6894
6652 6940
6653 6940
6653 6727
6654 6702
6655 6992
6655 6671
6656 6992
6658 6862
6658 6931
6658 6684
6658 6933
6658 6899
6659 6660
6661 6666
6662 6664
6662 6965
6663 6776
6666 6668
6667 6891
6667 6748
6668 6965
6669 6776
6670 6798
6671 6673
6672 6673
6673 6736
6673 6675
6674 6923
6675 6698
6675 6903
6675 6714
6676 7016
6677 6773
6677 6725
6678 6961
6678 6865
6679 6681
6679 6682
6679 6680
6680 6681
6680 6968
6680 6682
6681 6682
6682 6985
6682 6975
6683 6726
6683 6921
6683 6771
6684 6694
6685 6733
6685 6833
6686 6988
6687 6799
6688 6846
6689 6773
6690 6864
6690 6865
6693 6788
6693 6880
6694 6862
6694 6900
6694 6695
6694 6833
6694 6899
6695 6833
6695 6900
6696 6870
6696 6698
6697 6789
6697 6863
6697 6819
6697 6720
6698 6699
6698 6808
6698 6859
6698 6880
6699 6852
6699 6853
6700 6816
6702 6734
6702 6750
6702 6771
6702 6892
6702 6909
6703 6704
6703 7007
6704 6860
6704 6893
6704 6705
6705 6890
6705 6860
6705 6876
6706 6775
6706 6834
6707 6937
6708 6732
6709 6710
6711 6807
6712 6757
6713 6811
6713 6748
6713 6717
6714 6716
6714 6731
6714 6979
6715 6716
6717 6811
6717 7014
6718 6817
6718 6891
6718 6730
6718 6867
6719 6804
6719 6737
6719 6837
6720 6861
6720 6863
6720 6868
6720 6819
6721 6898
6721 6722
6722 6820
6722 6902
6722 6723
6722 6898
6722 6874
6722 6875
6722 6901
6724 6871
6724 6943
6725 6877
6725 6773
6726 6771
6728 6818
6728 6814
6730 6820
6730 6867
6732 6891
6734 6750
6734 6892
6735 6740
6735 7004
6735 6737
6735 6738
6735 6749
6736 7016
6738 7004
6738 6740
6739 6843
6739 6985
6740 6838
6740 7006
6740 6787
6741 6754
6741 6760
6742 6744
6742 6827
6743 6961
6746 6797
6747 6877
6748 6811
6749 7004
6751 6876
6752 6814
6753 6758
6753 6960
6754 6887
6755 7006
6755 6787
6755 6830
6757 6964
6758 6763
6759 6934
6760 6776
6760 6950
6761 6919
6761 6762
6764 6892
6764 6765
6766 6844
6767 6909
6768 6895
6768 6894
6768 6770
6769 6791
6770 6918
6771 6921
6772 6990
6772 6817
6772 6912
6772 6987
6773 6877
6774 6829
6776 6874
6778 6780
6779 7013
6780 6814
6782 6798
6782 6783
6784 6914
6784 6925
6784 6893
6785 6934
6787 6830
6787 7006
6787 6929
6787 6838
6788 6880
6788 6789
6790 6880
6791 6856
6791 6857
6791 6859
6791 6949
6792 6830
6792 6834
6792 6838
6792 6839
6792 6843
6792 6977
6795 7015
6798 6988
6799 6801
6799 6989
6799 6910
6799 6928
6801 6918
6803 6813
6804 6837
6804 6835
6807 6837
6808 6926
6809 6813
6811 6812
6812 6813
6814 6815
6815 6851
6817 6867
6817 6990
6818 6867
6818 6863
6818 6819
6819 6863
6819 6861
6820 6873
6820 6865
6820 6871
6822 6940
6822 6825
6824 6825
6824 6940
6827 6960
6828 6829
6830 7006
6830 6927
6830 6929
6832 7008
6832 6833
6832 6933
6833 7008
6833 6862
6833 6933
6834 6977
6834 6836
6835 6836
6835 6837
6835 6977
6836 6977
6837 6986
6838 7006
6838 6839
6838 6929
6839 7014
6840 6927
6840 6841
6841 6842
6841 6930
6842 6934
6842 6930
6843 6977
6845 6910
6846 6847
6846 6906
6846 6907
6848 6851
6848 6849
6848 6850
6848 6932
6849 6850
6849 6851
6850 6851
6852 6853
6853 6953
6854 6881
6854 6855
6854 6856
6855 6881
6855 6856
6855 6857
6856 6857
6856 6881
6859 6949
6860 6876
6860 6861
6860 6890
6860 6893
6860 7004
6861 6863
6861 6862
6862 6933
6862 6900
6862 6967
6862 7008
6863 6868
6865 6961
6866 6867
6867 6987
6869 6872
6869 6873
6871 6874
6871 6873
6872 6874
6872 6901
6874 6901
6875 7018
6875 6992
6876 6890
6876 6893
6878 6879
6885 6919
6886 6966
6887 6888
6887 6889
6887 6890
6888 6889
6889 6890
6893 6925
6894 6896
6894 6940
6894 6895
6894 6906
6895 6906
6896 6904
6897 6902
6897 6898
6897 6904
6898 6902
6898 6904
6899 6985
6899 6984
6899 6900
6902 6904
6903 6953
6905 6906
6906 6907
6906 7006
6906 6927
6907 6927
6907 6926
6908 7005
6908 6924
6910 6911
6910 6989
6911 6912
6912 6987
6912 6990
6914 6996
6914 6944
6915 6916
6916 6998
6917 6918
6918 6920
6919 6982
6919 6983
6919 6985
6920 6970
6924 7005
6925 7012
6926 6927
6927 6930
6932 7013
6933 7008
6934 6955
6934 6938
6934 6954
6942 6943
6944 6996
6944 6945
6944 6959
6945 6946
6945 6997
6945 6959
6947 6948
6949 6953
6949 6954
6951 6953
6954 6955
6956 6972
6956 7009
6959 6996
6966 6997
6966 6996
6967 6971
6968 6970
6970 6971
6972 7009
6973 6974
6975 6977
6977 6980
6978 6979
6979 6982
6981 6982
6982 6983
6987 6990
7002 7003
7004 7006
7011 7012
