7020 7353
7020 7476
7020 7502
7020 7672
7021 7130
7021 7226
7022 7502
7022 7567
7022 7163
7022 7051
7022 7319
7022 7149
7022 7320
7022 7441
7023 7354
7023 7346
7023 7584
7024 7026
7024 7201
7025 7594
7025 7595
7025 7791
7025 7572
7026 7653
7027 7586
7028 7573
7029 7409
7029 7199
7029 7321
7029 7030
7029 7253
7029 7329
7030 7321
7030 7556
7030 7408
7030 7199
7030 7569
7031 7405
7031 7431
7031 7227
7031 7228
7031 7033
7031 7590
7031 7591
7031 7593
7031 7794
7032 7379
7032 7789
7033 7227
7033 7431
7033 7034
7033 7590
7033 7794
7034 7344
7035 7436
7035 7434
7035 7551
7035 7552
7036 7050
7036 7662
7036 7272
7036 7491
7036 7614
7036 7751
7036 7752
7037 7066
7037 7662
7037 7167
7037 7559
7037 7585
7038 7041
7038 7092
7038 7157
7038 7243
7038 7603
7039 7168
7039 7759
7039 7653
7039 7346
7040 7743
7040 7631
7040 7677
7040 7043
7040 7148
7040 7216
7040 7678
7040 7744
7041 7603
7041 7763
7041 7354
7041 7246
7041 7673
7042 7638
7042 7689
7042 7641
7042 7509
7042 7540
7043 7631
7043 7197
7044 7520
7044 7610
7044 7747
7045 7398
7045 7046
7045 7685
7045 7734
7045 7777
7046 7790
7047 7113
7047 7285
7047 7048
7048 7285
7048 7516
7048 7776
7049 7126
7050 7272
7050 7646
7050 7662
7050 7115
7050 7319
7050 7551
7050 7676
7051 7662
7051 7067
7051 7163
7051 7304
7051 7423
7051 7502
7051 7583
7051 7599
7051 7647
7051 7757
7052 7778
7052 7165
7052 7447
7052 7057
7052 7478
7053 7088
7053 7354
7053 7652
7054 7506
7054 7774
7054 7358
7054 7698
7054 7699
7054 7089
7055 7651
7056 7188
7057 7413
7057 7065
7057 7400
7057 7095
7057 7112
7057 7524
7058 7687
7058 7776
7058 7729
7058 7698
7059 7707
7059 7060
7059 7418
7059 7437
7061 7306
7061 7468
7061 7612
7061 7063
7061 7255
7061 7613
7061 7761
7062 7659
7062 7392
7063 7064
7064 7782
7065 7400
7065 7413
7065 7213
7066 7098
7066 7646
7066 7210
7066 7486
7066 7598
7067 7583
7067 7211
7067 7163
7067 7273
7067 7304
7067 7455
7067 7493
7067 7526
7067 7632
7067 7647
7067 7661
7067 7758
7067 7773
7068 7378
7068 7347
7068 7658
7068 7605
7068 7116
7068 7218
7068 7223
7068 7224
7068 7441
7068 7443
7068 7453
7068 7456
7068 7606
7069 7070
7069 7511
7069 7458
7070 7370
7070 7087
7071 7376
7071 7337
7071 7369
7071 7379
7072 7782
7072 7086
7072 7217
7072 7074
7073 7267
7074 7080
7074 7208
7074 7264
7074 7368
7074 7427
7075 7477
7075 7735
7075 7385
7075 7094
7075 7704
7076 7769
7076 7344
7077 7112
7078 7547
7079 7172
7079 7676
7080 7368
7080 7451
7080 7376
7080 7173
7081 7661
7081 7343
7081 7733
7081 7734
7082 7442
7082 7347
7082 7222
7082 7571
7082 7617
7083 7097
7083 7690
7083 7202
7083 7513
7083 7354
7083 7261
7083 7360
7084 7379
7084 7372
7084 7347
7084 7789
7085 7530
7085 7476
7085 7373
7086 7217
7086 7730
7086 7782
7086 7340
7087 7259
7087 7704
7087 7578
7088 7233
7088 7428
7089 7358
7089 7265
7089 7091
7090 7261
7090 7156
7090 7265
7090 7161
7090 7716
7091 7263
7091 7360
7091 7696
7091 7092
7091 7161
7091 7427
7091 7507
7091 7361
7092 7361
7092 7603
7093 7356
7093 7094
7093 7137
7093 7666
7094 7449
7094 7543
7094 7095
7094 7477
7095 7097
7095 7419
7095 7270
7095 7355
7095 7524
7096 7661
7096 7203
7097 7423
7097 7421
7097 7261
7097 7420
7097 7359
7098 7692
7098 7582
7098 7646
7098 7178
7098 7210
7098 7350
7099 7319
7099 7662
7099 7503
7099 7504
7099 7551
7099 7675
7100 7163
7100 7413
7100 7211
7100 7293
7100 7338
7101 7191
7101 7748
7102 7301
7102 7299
7103 7196
7104 7464
7104 7126
7104 7125
7104 7153
7105 7464
7105 7466
7106 7674
7106 7554
7106 7555
7106 7586
7106 7675
7108 7207
7108 7129
7108 7549
7108 7522
7109 7223
7110 7495
7110 7544
7110 7487
7110 7492
7110 7496
7111 7329
7111 7500
7112 7726
7113 7722
7113 7300
7114 7146
7114 7302
7114 7226
7115 7319
7115 7566
7115 7662
7115 7117
7115 7426
7115 7635
7115 7709
7115 7773
7116 7224
7116 7453
7117 7507
7117 7374
7117 7427
7117 7607
7118 7725
7120 7124
7120 7274
7120 7161
7120 7239
7121 7670
7121 7562
7121 7506
7122 7579
7122 7668
7122 7357
7122 7533
7122 7670
7122 7234
7123 7380
7123 7520
7123 7339
7123 7296
7123 7256
7123 7366
7123 7295
7123 7128
7123 7239
7123 7325
7123 7484
7124 7449
7124 7274
7125 7128
7125 7445
7125 7610
7125 7521
7126 7275
7126 7431
7126 7463
7126 7464
7126 7465
7126 7518
7126 7577
7126 7798
7127 7684
7127 7306
7127 7326
7127 7463
7127 7468
7127 7483
7128 7520
7129 7672
7129 7179
7129 7425
7129 7549
7129 7666
7130 7302
7130 7708
7130 7148
7130 7365
7132 7403
7132 7402
7132 7411
7134 7411
7134 7402
7134 7403
7134 7410
7135 7512
7135 7136
7136 7211
7136 7413
7136 7163
7136 7519
7137 7356
7137 7138
7137 7237
7138 7140
7138 7462
7139 7300
7139 7305
7140 7462
7140 7793
7141 7767
7141 7570
7141 7142
7141 7528
7142 7406
7142 7671
7142 7408
7142 7321
7143 7722
7143 7755
7144 7556
7144 7447
7145 7332
7145 7673
7145 7330
7145 7512
7146 7550
7146 7226
7146 7303
7146 7412
7146 7786
7147 7741
7147 7319
7147 7567
7148 7677
7148 7741
7148 7528
7148 7164
7148 7212
7149 7159
7149 7693
7150 7741
7151 7173
7151 7376
7152 7182
7152 7755
7153 7384
7153 7155
7154 7315
7154 7683
7154 7538
7155 7161
7155 7528
7155 7160
7156 7359
7156 7361
7156 7261
7156 7265
7156 7354
7156 7676
7157 7390
7157 7159
7158 7207
7158 7208
7158 7515
7158 7620
7158 7621
7158 7622
7159 7161
7159 7322
7159 7400
7160 7741
7160 7528
7161 7261
7161 7202
7162 7399
7162 7440
7162 7724
7163 7211
7163 7567
7163 7195
7163 7235
7163 7413
7163 7423
7163 7441
7163 7455
7163 7757
7163 7785
7164 7741
7164 7528
7164 7212
7165 7204
7165 7353
7165 7726
7166 7676
7166 7171
7167 7585
7167 7595
7167 7170
7168 7606
7168 7171
7169 7509
7169 7512
7169 7792
7170 7600
7170 7173
7170 7736
7172 7439
7173 7559
7173 7637
7173 7648
7173 7750
7174 7602
7174 7638
7174 7639
7174 7689
7174 7714
7175 7176
7175 7177
7175 7689
7175 7509
7175 7540
7175 7690
7176 7689
7176 7540
7176 7509
7176 7638
7176 7177
7177 7696
7178 7210
7179 7522
7179 7549
7179 7364
7179 7548
7179 7769
7180 7183
7180 7544
7181 7670
7181 7622
7181 7619
7182 7526
7182 7191
7183 7544
7184 7686
7184 7586
7184 7451
7184 7544
7185 7186
7185 7785
7185 7544
7185 7686
7185 7643
7186 7651
7186 7785
7187 7789
7187 7668
7188 7287
7189 7375
7189 7418
7189 7757
7189 7367
7189 7229
7190 7682
7190 7601
7190 7395
7191 7324
7191 7389
7191 7675
7191 7748
7192 7428
7193 7682
7193 7432
7193 7680
7193 7433
7194 7440
7194 7566
7194 7662
7194 7383
7195 7196
7195 7664
7195 7211
7195 7631
7195 7255
7195 7663
7195 7665
7195 7761
7196 7255
7196 7762
7196 7613
7196 7665
7196 7611
7196 7663
7196 7761
7197 7639
7197 7249
7197 7472
7198 7714
7199 7767
7199 7321
7199 7327
7199 7329
7199 7768
7200 7439
7200 7673
7201 7202
7201 7278
7201 7282
7201 7420
7201 7537
7202 7261
7202 7265
7202 7360
7204 7353
7204 7342
7205 7568
7205 7206
7205 7243
7205 7751
7205 7753
7206 7710
7206 7208
7206 7426
7207 7672
7207 7364
7207 7208
7208 7769
7208 7427
7208 7364
7208 7738
7209 7654
7209 7770
7210 7582
7210 7692
7211 7413
7211 7455
7211 7519
7211 7567
7211 7583
7211 7632
7211 7757
7212 7213
7212 7741
7212 7537
7212 7528
7212 7341
7213 7278
7213 7537
7214 7791
7214 7307
7214 7580
7214 7575
7214 7594
7214 7572
7214 7320
7214 7232
7215 7572
7216 7677
7216 7743
7216 7220
7216 7746
7217 7782
7218 7606
7218 7783
7218 7456
7218 7605
7218 7379
7219 7313
7219 7599
7219 7379
7219 7220
7220 7599
7220 7681
7221 7407
7221 7364
7221 7240
7221 7535
7222 7617
7222 7347
7222 7442
7223 7474
7223 7456
7223 7511
7223 7514
7223 7347
7224 7225
7224 7606
7224 7347
7225 7442
7225 7347
7225 7389
7227 7431
7227 7593
7227 7590
7227 7591
7227 7430
7227 7405
7227 7235
7227 7794
7228 7405
7228 7593
7229 7757
7229 7428
7229 7375
7229 7438
7229 7758
7230 7595
7230 7294
7230 7543
7230 7594
7231 7432
7231 7257
7231 7258
7231 7520
7231 7296
7231 7426
7231 7295
7231 7703
7231 7256
7231 7433
7232 7572
7232 7580
7232 7791
7232 7234
7232 7575
7232 7726
7233 7428
7233 7246
7234 7572
7234 7670
7234 7697
7234 7506
7234 7800
7235 7661
7236 7238
7237 7270
7237 7782
7238 7723
7239 7296
7239 7520
7239 7366
7239 7380
7239 7339
7239 7370
7239 7455
7239 7571
7239 7616
7240 7335
7240 7779
7242 7505
7242 7773
7242 7321
7242 7767
7243 7763
7243 7247
7243 7669
7244 7351
7244 7251
7245 7613
7245 7468
7245 7512
7245 7256
7246 7262
7246 7474
7246 7568
7246 7695
7246 7763
7247 7669
7247 7763
7248 7292
7248 7580
7248 7626
7248 7791
7249 7639
7250 7254
7250 7251
7250 7352
7250 7252
7251 7252
7251 7254
7251 7352
7251 7351
7252 7254
7252 7352
7254 7352
7255 7613
7255 7665
7255 7762
7255 7663
7256 7257
7256 7380
7256 7432
7256 7258
7256 7339
7256 7330
7256 7520
7256 7433
7257 7432
7257 7258
7257 7433
7257 7703
7257 7520
7257 7380
7258 7432
7258 7520
7258 7433
7258 7703
7258 7679
7259 7704
7259 7397
7259 7356
7261 7265
7261 7522
7261 7360
7261 7483
7263 7696
7263 7775
7263 7698
7263 7427
7263 7537
7263 7358
7263 7629
7264 7475
7264 7389
7264 7557
7264 7290
7265 7354
7265 7514
7265 7359
7266 7385
7268 7523
7269 7270
7269 7356
7269 7339
7269 7523
7269 7336
7269 7478
7271 7446
7271 7420
7271 7733
7272 7646
7272 7319
7272 7526
7272 7598
7272 7662
7272 7676
7273 7786
7273 7412
7273 7279
7273 7467
7273 7469
7273 7665
7273 7796
7275 7463
7275 7464
7275 7577
7275 7798
7276 7516
7276 7345
7276 7301
7276 7498
7277 7459
7277 7278
7277 7788
7277 7506
7277 7687
7277 7776
7277 7800
7277 7465
7277 7461
7278 7537
7278 7313
7278 7400
7278 7282
7278 7342
7278 7459
7278 7788
7278 7800
7279 7469
7279 7796
7279 7786
7279 7467
7280 7670
7282 7335
7283 7649
7286 7302
7286 7287
7287 7651
7288 7308
7289 7301
7289 7748
7289 7790
7289 7290
7290 7291
7290 7525
7290 7513
7291 7525
7291 7527
7291 7408
7291 7439
7291 7321
7292 7626
7292 7624
7292 7299
7292 7508
7292 7537
7293 7539
7293 7508
7294 7295
7294 7595
7294 7436
7295 7520
7295 7296
7295 7339
7295 7380
7296 7520
7296 7339
7296 7380
7296 7366
7296 7370
7296 7325
7296 7563
7297 7325
7297 7322
7299 7539
7299 7301
7299 7626
7301 7629
7301 7508
7301 7624
7301 7537
7302 7550
7302 7708
7304 7758
7304 7583
7305 7364
7306 7468
7306 7612
7306 7326
7307 7791
7307 7320
7307 7580
7307 7543
7308 7330
7308 7309
7309 7310
7310 7311
7310 7696
7311 7536
7312 7323
7312 7331
7312 7449
7312 7529
7312 7797
7312 7645
7313 7681
7313 7314
7313 7389
7313 7342
7314 7317
7315 7683
7315 7538
7315 7721
7316 7317
7317 7672
7318 7630
7318 7631
7319 7662
7319 7351
7319 7352
7319 7486
7319 7551
7319 7567
7319 7741
7320 7742
7320 7648
7320 7567
7320 7631
7320 7693
7320 7575
7320 7792
7321 7322
7321 7327
7321 7329
7321 7492
7321 7527
7321 7767
7321 7793
7322 7323
7323 7531
7323 7331
7324 7517
7325 7380
7325 7520
7326 7468
7326 7521
7326 7612
7326 7700
7327 7525
7327 7767
7327 7569
7328 7770
7328 7623
7329 7569
7330 7333
7330 7673
7330 7331
7330 7746
7331 7333
7331 7531
7332 7364
7332 7512
7332 7548
7333 7744
7333 7746
7334 7357
7334 7527
7334 7569
7335 7357
7335 7533
7335 7579
7336 7357
7337 7379
7338 7346
7338 7712
7339 7520
7339 7380
7339 7609
7339 7381
7339 7563
7340 7586
7340 7730
7340 7658
7341 7342
7343 7661
7344 7345
7344 7733
7344 7516
7344 7776
7344 7769
7345 7789
7347 7442
7347 7389
7347 7379
7347 7372
7347 7378
7347 7443
7347 7453
7347 7605
7347 7617
7347 7618
7347 7658
7348 7725
7348 7787
7348 7615
7348 7797
7349 7782
7349 7371
7349 7370
7350 7662
7351 7352
7351 7741
7353 7722
7353 7706
7354 7359
7355 7735
7355 7524
7356 7489
7356 7419
7357 7569
7357 7527
7358 7698
7358 7774
7358 7506
7359 7361
7359 7455
7360 7389
7360 7513
7361 7697
7361 7476
7361 7571
7361 7607
7361 7362
7361 7603
7361 7656
7362 7543
7362 7457
7362 7363
7362 7603
7363 7753
7363 7672
7363 7476
7363 7752
7364 7666
7364 7517
7364 7548
7364 7801
7365 7741
7365 7740
7365 7708
7366 7676
7366 7662
7366 7565
7366 7678
7367 7375
7368 7369
7368 7371
7368 7760
7369 7379
7369 7371
7369 7760
7370 7782
7370 7565
7371 7372
7371 7782
7372 7379
7372 7442
7373 7374
7375 7418
7375 7757
7375 7758
7375 7644
7376 7588
7376 7783
7377 7418
7378 7443
7378 7442
7378 7441
7379 7658
7379 7789
7379 7606
7380 7520
7380 7778
7381 7520
7381 7563
7381 7642
7382 7422
7382 7424
7383 7440
7383 7558
7384 7538
7384 7721
7385 7397
7385 7726
7386 7500
7387 7401
7387 7391
7388 7401
7389 7618
7389 7666
7389 7694
7389 7748
7391 7712
7391 7401
7392 7396
7392 7645
7392 7395
7393 7691
7393 7781
7394 7395
7394 7645
7394 7737
7394 7736
7394 7601
7395 7736
7395 7737
7397 7486
7398 7401
7398 7552
7398 7685
7398 7730
7399 7518
7399 7614
7401 7450
7401 7452
7401 7558
7401 7713
7401 7719
7401 7720
7401 7730
7402 7403
7402 7411
7402 7410
7403 7411
7403 7439
7403 7410
7405 7430
7405 7431
7405 7617
7405 7653
7408 7409
7408 7671
7409 7586
7409 7585
7409 7789
7410 7411
7412 7550
7412 7708
7412 7567
7413 7567
7413 7693
7413 7441
7413 7503
7413 7519
7414 7520
7414 7432
7414 7610
7415 7416
7415 7715
7416 7417
7417 7609
7418 7757
7419 7759
7420 7640
7420 7421
7421 7640
7421 7641
7421 7781
7422 7423
7422 7424
7424 7672
7424 7425
7425 7672
7426 7710
7426 7709
7427 7457
7427 7477
7427 7515
7427 7516
7427 7534
7427 7615
7427 7650
7427 7698
7427 7738
7427 7774
7428 7438
7428 7758
7428 7477
7429 7444
7430 7431
7430 7443
7431 7593
7431 7591
7431 7590
7431 7794
7432 7703
7432 7433
7432 7520
7432 7682
7433 7703
7433 7436
7433 7520
7434 7723
7434 7552
7434 7435
7435 7723
7435 7581
7436 7711
7436 7551
7437 7644
7437 7757
7437 7758
7438 7759
7438 7758
7440 7486
7441 7453
7441 7785
7441 7502
7442 7447
7442 7556
7442 7605
7442 7608
7442 7616
7442 7618
7443 7658
7443 7701
7444 7565
7444 7445
7444 7563
7444 7701
7445 7739
7446 7447
7446 7760
7446 7556
7446 7608
7447 7705
7447 7450
7447 7556
7447 7704
7447 7717
7448 7450
7448 7705
7449 7672
7449 7797
7449 7524
7449 7799
7450 7705
7451 7672
7452 7558
7454 7550
7455 7757
7455 7571
7455 7616
7456 7513
7456 7457
7456 7669
7457 7477
7457 7615
7457 7473
7458 7571
7459 7788
7459 7625
7459 7461
7459 7800
7460 7699
7461 7697
7461 7800
7463 7464
7463 7466
7463 7577
7463 7578
7463 7591
7463 7717
7463 7798
7464 7466
7464 7729
7464 7518
7465 7466
7466 7729
7467 7786
7467 7796
7468 7612
7468 7700
7469 7761
7470 7723
7470 7471
7472 7473
7472 7546
7472 7688
7473 7640
7473 7477
7474 7511
7474 7513
7474 7514
7476 7540
7476 7718
7477 7738
7477 7726
7478 7481
7478 7479
7478 7538
7478 7485
7478 7482
7479 7481
7480 7482
7481 7482
7482 7485
7483 7484
7483 7684
7484 7485
7484 7607
7487 7491
7487 7495
7487 7488
7487 7492
7488 7490
7488 7491
7488 7495
7488 7496
7489 7759
7490 7491
7490 7495
7490 7492
7490 7498
7490 7500
7491 7492
7491 7494
7492 7495
7492 7494
7492 7496
7493 7749
7493 7631
7493 7526
7493 7567
7493 7634
7494 7495
7494 7697
7494 7500
7494 7794
7495 7496
7496 7544
7496 7500
7498 7559
7499 7580
7500 7697
7502 7662
7502 7646
7503 7693
7503 7504
7504 7676
7504 7505
7504 7749
7505 7670
7505 7506
7506 7774
7506 7687
7506 7699
7506 7751
7507 7513
7508 7539
7508 7624
7508 7780
7508 7510
7508 7537
7508 7745
7508 7747
7509 7540
7509 7689
7509 7690
7510 7780
7510 7781
7510 7745
7510 7539
7510 7747
7511 7514
7511 7562
7511 7669
7511 7754
7512 7785
7513 7694
7515 7642
7517 7588
7517 7590
7518 7729
7518 7566
7519 7693
7520 7563
7520 7609
7520 7658
7522 7549
7522 7570
7522 7769
7522 7781
7525 7767
7526 7623
7526 7755
7527 7569
7527 7793
7528 7741
7528 7570
7529 7576
7532 7570
7532 7576
7534 7643
7534 7603
7536 7775
7536 7601
7536 7717
7537 7539
7537 7624
7537 7775
7537 7629
7537 7698
7538 7683
7539 7624
7539 7747
7539 7780
7540 7689
7540 7690
7541 7690
7542 7546
7542 7629
7543 7580
7543 7731
7544 7686
7545 7549
7545 7616
7545 7653
7546 7547
7546 7689
7546 7638
7549 7616
7550 7756
7550 7786
7551 7662
7553 7554
7553 7555
7553 7770
7554 7555
7555 7556
7555 7608
7555 7760
7556 7608
7558 7713
7562 7670
7563 7565
7563 7564
7564 7725
7564 7701
7565 7782
7565 7742
7566 7630
7567 7631
7567 7661
7567 7706
7567 7709
7567 7742
7568 7751
7568 7773
7570 7773
7571 7617
7571 7618
7572 7580
7572 7791
7572 7575
7572 7594
7573 7625
7574 7636
7574 7734
7575 7791
7575 7580
7575 7594
7576 7768
7576 7793
7577 7798
7577 7593
7577 7578
7578 7593
7580 7791
7580 7594
7582 7692
7583 7647
7583 7693
7585 7595
7586 7625
7588 7591
7589 7591
7589 7769
7590 7591
7590 7593
7590 7794
7591 7593
7594 7595
7599 7622
7600 7735
7600 7739
7602 7638
7602 7640
7603 7604
7606 7792
7607 7696
7608 7611
7609 7610
7609 7666
7610 7611
7611 7665
7613 7761
7613 7762
7613 7665
7614 7619
7614 7620
7614 7622
7615 7616
7617 7618
7619 7620
7619 7622
7619 7621
7619 7671
7620 7622
7620 7621
7620 7752
7621 7622
7621 7752
7622 7797
7624 7626
7626 7690
7627 7628
7627 7689
7631 7742
7633 7707
7633 7634
7633 7635
7634 7635
7637 7788
7638 7689
7639 7714
7639 7766
7639 7771
7640 7641
7640 7690
7646 7662
7646 7676
7648 7742
7651 7789
7651 7686
7654 7673
7655 7686
7656 7697
7657 7673
7659 7672
7659 7660
7661 7778
7662 7677
7663 7667
7663 7665
7664 7678
7664 7665
7665 7767
7665 7761
7666 7672
7669 7763
7670 7751
7671 7782
7673 7707
7674 7675
7677 7743
7678 7742
7678 7679
7679 7748
7679 7680
7680 7707
7682 7683
7683 7721
7684 7700
7687 7776
7687 7698
7687 7774
7689 7690
7690 7691
7691 7781
7694 7695
7696 7796
7698 7774
7698 7775
7698 7729
7701 7727
7708 7740
7709 7773
7711 7779
7712 7713
7720 7721
7720 7764
7722 7755
7724 7772
7725 7787
7725 7799
7725 7731
7728 7790
7728 7774
7728 7729
7731 7732
7734 7735
7735 7739
7736 7737
7740 7741
7743 7744
7743 7746
7744 7746
7745 7780
7745 7747
7750 7789
7750 7764
7751 7752
7757 7758
7758 7759
7761 7762
7764 7789
7765 7766
7767 7768
7778 7785
7778 7779
7780 7781
7786 7796
7787 7799
7787 7797
7787 7796
7788 7800
7792 7794
7797 7799
