770 1500
770 986
770 862
770 1417
771 1330
771 986
771 1494
771 1056
771 1070
771 1177
772 1199
772 1200
772 875
774 1316
774 1214
774 788
774 923
775 1060
775 1092
775 1084
775 886
775 1161
775 1183
775 1185
776 1315
776 1246
776 1244
776 1245
776 1468
777 1521
777 853
777 992
777 778
777 1486
777 1490
778 1340
778 1151
779 944
779 1227
779 1375
780 950
780 1531
780 859
780 869
780 795
780 860
780 1478
782 1189
783 1400
785 1520
785 1199
785 875
785 1107
786 1517
786 792
786 1062
786 1312
786 1121
787 1547
787 1041
787 1482
787 1257
787 1037
787 1138
788 998
789 853
789 868
789 790
790 896
790 799
790 887
790 1474
791 904
791 892
791 1388
791 793
792 1281
792 1011
792 868
792 821
792 1076
793 892
795 1500
795 796
797 1246
797 1467
797 1114
797 1435
797 1537
797 1538
798 1117
798 799
798 1114
799 1114
799 896
799 1117
799 1223
799 1431
799 1435
799 1440
799 1533
800 1434
800 1312
800 1002
800 1454
800 1046
800 1069
800 1421
801 1267
801 1306
801 1393
801 1456
802 1048
802 1443
802 805
802 1267
802 1510
802 813
803 1469
803 1492
803 1455
804 1492
804 1528
804 1085
805 1048
805 813
805 1443
805 1510
805 1447
805 838
805 812
806 1510
806 1443
806 1144
806 1415
806 1050
806 812
806 813
807 1369
807 1323
807 1342
807 1343
807 1370
808 885
808 960
808 912
809 1012
809 1014
809 1320
809 1455
809 1469
810 1046
810 1451
810 811
810 1113
810 1169
811 1389
812 813
812 1048
812 1447
812 1510
813 1048
813 1447
813 1510
814 1390
814 956
814 1328
814 1374
814 1002
814 1250
814 1312
814 1454
815 1252
815 1385
816 914
816 1111
816 1198
816 1276
816 1491
816 1492
817 1496
818 819
818 1241
818 1295
820 953
820 821
820 898
820 901
820 904
820 952
820 954
820 1196
820 1381
821 1417
821 953
822 1460
823 827
823 1513
824 1389
824 889
824 891
824 990
824 1348
825 1039
825 1029
826 827
826 1491
827 1034
827 1028
828 1403
830 1374
830 1390
830 1312
830 1454
831 1315
831 1465
831 1246
831 1042
831 1351
832 899
832 900
832 933
833 1246
834 881
834 900
835 1472
836 840
837 843
837 1141
838 1443
838 851
838 1258
839 1268
842 1384
842 1389
843 1528
844 1414
844 1150
844 856
844 1356
844 1272
845 1192
846 875
846 847
846 985
846 1523
846 1200
846 848
846 1108
847 875
847 1098
847 1108
847 985
847 1200
847 848
847 967
847 1107
847 1201
848 1201
848 1108
848 985
848 1519
848 1202
849 851
850 1193
850 855
851 1349
851 852
851 1099
852 1349
852 853
852 1446
852 911
853 1446
853 1331
853 911
853 984
853 1333
853 1352
853 1359
853 1408
854 1198
854 1357
854 1197
855 1194
855 1254
855 1193
856 1271
856 1123
856 1150
857 858
857 1353
857 1405
857 859
857 1354
858 1353
858 868
859 1353
859 860
859 1354
860 1353
860 1364
861 1417
861 1253
861 1418
862 1280
862 863
862 940
862 986
862 1296
862 1500
863 941
863 1280
863 957
863 973
863 1126
863 1455
864 865
864 1057
864 907
864 1302
865 1067
865 879
865 895
865 1459
866 1505
866 1424
866 1233
867 1100
867 959
867 965
867 1539
868 1404
868 945
868 1424
868 1074
868 1075
868 1076
868 1206
868 1276
868 1426
868 1428
868 1458
869 1104
869 1282
869 950
870 942
870 951
870 873
871 942
871 948
871 935
871 1175
872 1526
872 1121
872 1135
872 1265
873 1104
873 951
873 1122
873 1105
873 874
874 968
874 1105
874 969
875 1199
875 1520
875 967
875 1108
875 1152
875 1201
875 1202
875 1336
876 1234
876 1204
876 972
877 1234
878 1369
878 883
878 1505
879 1395
880 899
880 1396
880 929
881 1156
881 900
881 1437
882 1389
882 1131
883 1089
883 884
883 1382
884 1398
884 1392
884 1326
886 1153
886 1343
887 1423
887 1017
889 1347
889 1131
890 1525
890 1129
891 937
891 1348
891 1425
891 896
891 928
891 990
892 1424
892 1056
893 1073
893 1483
893 1478
893 1115
893 1457
895 1482
896 1256
896 1479
898 1035
898 1483
899 925
899 929
899 935
899 1396
900 1022
900 1025
900 906
900 933
900 938
900 1018
901 955
901 1499
902 906
902 1460
902 1474
903 952
903 1060
903 1093
903 968
905 948
905 1225
905 1459
905 1532
906 1077
907 1250
907 1251
907 1454
907 908
907 1482
907 1529
908 1374
908 1062
908 1266
908 1345
909 1079
909 1264
909 1143
909 1344
910 1061
910 1286
911 1417
911 1333
912 1000
912 1001
913 1080
913 1407
913 1462
913 1526
913 1265
913 1283
914 1492
914 1137
915 1369
915 1370
915 1392
916 988
916 989
916 1255
917 1373
918 1388
918 1072
919 1476
920 1143
920 1232
921 1361
921 1205
921 1437
922 923
922 1364
922 1043
923 1043
923 1364
923 1177
924 1470
924 1484
924 1517
925 933
925 935
926 1085
927 931
927 1079
928 934
930 1086
931 934
931 1394
931 937
931 980
931 1395
932 934
932 937
932 1084
932 1394
933 1087
933 1025
934 937
936 938
937 978
938 1018
940 957
940 1280
941 1501
941 957
941 973
941 1455
942 947
942 973
942 943
942 1175
943 1254
944 1340
945 1149
945 1061
945 1416
946 1514
948 1241
948 1259
948 1260
948 1543
949 1241
950 1135
951 1104
951 1439
951 1178
952 1268
953 1381
953 1490
954 1483
954 1277
954 1381
954 1489
954 1499
955 1383
956 1390
956 1328
956 1374
956 1002
956 1250
956 1312
956 1454
957 1501
958 1167
958 1040
959 1167
959 1341
960 1319
961 1102
961 1103
961 1424
961 1479
961 1475
962 1171
962 1321
962 963
962 1213
963 1171
963 1321
964 1165
964 1327
964 1101
965 1100
965 1098
965 1268
966 1285
966 1371
966 1325
966 1401
966 1038
966 1124
966 1355
967 1108
967 1098
967 1106
967 1201
967 1107
967 1202
968 1206
969 970
969 1104
970 1200
970 1199
971 1108
971 1201
972 1204
972 1234
973 974
973 977
973 978
973 1119
975 1504
975 1503
977 978
977 1309
977 1039
977 1294
977 1310
978 1213
978 1499
978 1007
978 1310
979 1055
980 1334
981 1135
982 1086
982 1528
982 1413
983 1139
984 1429
984 1163
984 1242
985 1200
985 1199
985 1444
986 1500
986 1280
988 989
988 1255
989 990
990 1016
990 1256
990 1017
991 1495
991 992
991 1497
991 1319
991 1323
991 1375
991 1475
992 1497
992 1495
992 1521
992 1491
992 1005
992 1006
992 1128
992 1172
992 1270
992 1381
992 1487
992 1488
992 1496
993 1406
993 1278
994 1346
996 998
996 1528
996 1091
997 1452
997 998
997 1055
998 1452
998 1389
998 999
999 1404
999 1389
999 1428
999 1277
999 1055
999 1075
999 1139
999 1278
999 1452
1000 1144
1000 1001
1000 1356
1001 1414
1001 1154
1002 1454
1002 1390
1002 1328
1003 1159
1003 1015
1003 1329
1004 1231
1004 1512
1004 1505
1004 1423
1005 1006
1005 1195
1006 1318
1006 1488
1006 1497
1006 1495
1006 1323
1006 1496
1007 1278
1007 1174
1008 1324
1008 1009
1008 1490
1008 1277
1009 1047
1009 1324
1009 1420
1009 1434
1009 1436
1009 1490
1010 1371
1010 1285
1010 1401
1011 1150
1011 1508
1011 1509
1012 1523
1012 1014
1012 1484
1012 1422
1012 1320
1014 1523
1014 1422
1014 1102
1014 1469
1015 1319
1015 1159
1015 1422
1016 1017
1016 1368
1017 1525
1017 1423
1018 1025
1018 1022
1018 1465
1019 1190
1019 1020
1019 1130
1019 1175
1019 1261
1019 1262
1020 1029
1020 1493
1021 1289
1022 1269
1023 1265
1023 1262
1024 1332
1024 1304
1024 1308
1024 1464
1026 1205
1027 1028
1027 1546
1027 1513
1027 1209
1027 1029
1029 1031
1029 1373
1030 1373
1030 1238
1031 1479
1031 1042
1031 1194
1032 1034
1033 1092
1033 1399
1034 1111
1035 1190
1035 1189
1035 1134
1036 1315
1036 1483
1037 1101
1037 1256
1037 1237
1037 1348
1037 1481
1037 1482
1038 1285
1038 1371
1038 1325
1038 1424
1038 1249
1039 1471
1039 1292
1039 1474
1040 1522
1041 1481
1041 1482
1042 1465
1042 1114
1042 1315
1043 1364
1043 1044
1043 1506
1043 1045
1043 1128
1043 1365
1043 1366
1044 1364
1044 1506
1045 1364
1045 1128
1046 1451
1046 1047
1046 1532
1047 1436
1047 1324
1048 1510
1048 1443
1048 1447
1050 1508
1050 1144
1050 1443
1050 1357
1050 1441
1051 1155
1051 1052
1051 1428
1051 1141
1051 1417
1051 1054
1052 1155
1052 1428
1052 1054
1052 1139
1052 1140
1052 1157
1052 1426
1052 1429
1052 1430
1053 1428
1053 1141
1053 1155
1053 1054
1053 1430
1054 1155
1054 1428
1054 1055
1054 1056
1054 1141
1054 1429
1054 1430
1056 1389
1056 1428
1057 1426
1057 1418
1058 1403
1059 1151
1060 1544
1060 1494
1061 1154
1061 1424
1061 1149
1061 1219
1061 1453
1062 1374
1062 1281
1062 1297
1063 1526
1064 1413
1064 1350
1064 1528
1064 1198
1065 1504
1066 1358
1066 1411
1066 1409
1066 1067
1067 1068
1069 1419
1069 1434
1069 1421
1070 1435
1070 1482
1070 1087
1071 1072
1071 1277
1073 1076
1073 1483
1073 1077
1073 1279
1074 1075
1074 1206
1074 1076
1074 1381
1075 1206
1075 1404
1075 1076
1075 1154
1076 1277
1076 1206
1076 1458
1077 1530
1079 1329
1079 1264
1079 1297
1080 1407
1080 1462
1080 1526
1080 1283
1081 1299
1081 1303
1082 1105
1084 1284
1085 1304
1086 1528
1088 1091
1089 1090
1089 1542
1089 1173
1089 1338
1089 1091
1089 1185
1089 1382
1090 1173
1092 1147
1094 1454
1094 1204
1095 1096
1095 1209
1096 1205
1097 1268
1098 1108
1098 1200
1098 1100
1098 1106
1098 1107
1099 1418
1099 1239
1101 1165
1101 1268
1101 1102
1101 1258
1102 1103
1102 1460
1102 1475
1102 1479
1104 1282
1104 1122
1105 1106
1105 1427
1106 1107
1106 1108
1106 1301
1106 1432
1107 1108
1108 1201
1111 1113
1113 1125
1113 1114
1113 1472
1114 1351
1114 1118
1114 1246
1114 1465
1114 1117
1114 1431
1114 1435
1114 1466
1114 1534
1115 1116
1116 1202
1116 1478
1117 1472
1118 1405
1118 1351
1118 1341
1118 1431
1120 1528
1120 1432
1121 1471
1121 1470
1121 1517
1123 1273
1124 1285
1124 1325
1124 1371
1124 1401
1124 1355
1126 1136
1126 1501
1126 1127
1126 1137
1126 1175
1126 1261
1127 1136
1127 1138
1127 1529
1128 1364
1129 1236
1129 1319
1129 1422
1130 1493
1130 1190
1131 1132
1131 1147
1131 1422
1132 1422
1132 1133
1134 1458
1134 1483
1134 1514
1134 1477
1136 1138
1136 1137
1138 1292
1138 1417
1138 1253
1139 1140
1139 1428
1139 1155
1140 1155
1140 1428
1140 1141
1141 1428
1141 1155
1142 1455
1142 1417
1144 1508
1144 1443
1144 1145
1144 1514
1144 1150
1145 1146
1145 1508
1146 1148
1147 1194
1149 1154
1149 1416
1150 1414
1151 1338
1151 1238
1151 1389
1151 1179
1153 1343
1154 1416
1154 1424
1154 1453
1155 1428
1155 1157
1155 1429
1158 1281
1159 1319
1160 1162
1162 1241
1163 1268
1163 1165
1164 1268
1165 1327
1166 1494
1167 1248
1167 1210
1167 1212
1167 1214
1167 1317
1167 1378
1168 1235
1168 1207
1169 1325
1169 1213
1169 1401
1169 1171
1170 1181
1171 1321
1171 1213
1172 1211
1172 1308
1172 1346
1172 1448
1173 1524
1173 1316
1173 1289
1174 1381
1177 1272
1178 1179
1180 1542
1181 1183
1181 1185
1182 1309
1183 1185
1183 1237
1184 1187
1184 1528
1186 1339
1186 1518
1186 1522
1187 1528
1188 1516
1189 1190
1189 1266
1189 1251
1189 1501
1189 1254
1189 1267
1190 1493
1190 1191
1190 1262
1190 1263
1191 1263
1192 1264
1193 1291
1194 1525
1194 1256
1194 1254
1194 1288
1194 1298
1195 1196
1195 1491
1196 1270
1197 1357
1197 1356
1197 1198
1197 1413
1198 1413
1198 1356
1198 1527
1199 1200
1199 1301
1199 1336
1200 1301
1201 1519
1201 1202
1202 1223
1202 1421
1204 1234
1206 1389
1206 1384
1207 1208
1208 1209
1210 1212
1211 1448
1211 1449
1213 1531
1213 1246
1213 1292
1213 1321
1214 1248
1215 1216
1215 1412
1215 1408
1215 1217
1216 1217
1216 1408
1216 1412
1217 1412
1217 1408
1218 1219
1218 1342
1219 1285
1219 1371
1219 1401
1219 1424
1220 1360
1220 1251
1220 1501
1221 1532
1221 1225
1221 1222
1221 1529
1222 1532
1222 1432
1225 1532
1226 1287
1227 1281
1228 1424
1228 1446
1228 1230
1229 1230
1230 1536
1231 1505
1231 1512
1232 1504
1233 1505
1233 1534
1234 1296
1234 1313
1234 1406
1236 1523
1236 1422
1236 1289
1237 1289
1239 1418
1239 1507
1239 1240
1240 1417
1241 1543
1242 1260
1243 1306
1244 1245
1244 1247
1245 1315
1246 1315
1246 1351
1246 1531
1246 1537
1246 1538
1247 1249
1247 1533
1248 1317
1250 1251
1250 1454
1250 1390
1250 1328
1251 1360
1251 1266
1251 1297
1251 1400
1252 1385
1252 1386
1253 1417
1253 1268
1254 1525
1254 1290
1255 1256
1255 1547
1255 1257
1256 1525
1256 1298
1256 1349
1257 1258
1259 1260
1262 1493
1262 1265
1263 1494
1263 1392
1263 1393
1264 1494
1265 1526
1266 1454
1267 1277
1267 1275
1267 1269
1267 1372
1268 1334
1268 1489
1269 1275
1270 1497
1272 1276
1273 1414
1274 1400
1275 1277
1276 1302
1276 1309
1276 1492
1277 1404
1277 1389
1277 1372
1279 1405
1281 1337
1281 1361
1282 1526
1283 1462
1285 1371
1285 1401
1285 1325
1285 1355
1285 1527
1287 1288
1288 1525
1288 1290
1289 1524
1290 1525
1292 1293
1295 1499
1297 1501
1297 1400
1298 1525
1300 1305
1302 1389
1302 1336
1304 1332
1304 1306
1305 1306
1306 1428
1306 1307
1307 1308
1308 1363
1309 1362
1309 1389
1309 1379
1309 1395
1309 1403
1309 1414
1312 1390
1312 1328
1312 1517
1313 1314
1314 1344
1314 1439
1314 1315
1315 1524
1317 1488
1318 1488
1318 1323
1318 1496
1319 1422
1320 1321
1320 1415
1320 1492
1320 1469
1321 1469
1322 1484
1322 1326
1322 1392
1322 1323
1323 1484
1323 1488
1325 1401
1325 1371
1325 1527
1326 1342
1328 1390
1328 1374
1328 1454
1330 1502
1331 1446
1331 1517
1331 1410
1332 1335
1332 1346
1332 1363
1333 1446
1334 1335
1334 1489
1338 1376
1339 1522
1339 1518
1339 1527
1339 1379
1341 1530
1341 1522
1344 1345
1345 1346
1346 1409
1350 1413
1350 1528
1350 1415
1351 1435
1351 1533
1351 1534
1351 1537
1353 1354
1354 1366
1355 1371
1355 1401
1356 1411
1356 1413
1358 1409
1358 1411
1358 1463
1360 1390
1360 1501
1361 1362
1361 1502
1362 1476
1362 1457
1362 1477
1363 1480
1363 1504
1363 1432
1363 1459
1364 1366
1364 1365
1365 1366
1367 1523
1367 1422
1369 1370
1371 1401
1373 1525
1374 1390
1375 1473
1376 1377
1377 1491
1377 1383
1380 1461
1381 1414
1381 1483
1381 1388
1383 1490
1387 1506
1388 1483
1389 1404
1389 1428
1389 1498
1390 1454
1391 1495
1391 1521
1391 1486
1392 1398
1393 1494
1394 1395
1395 1545
1395 1504
1400 1501
1402 1510
1404 1452
1405 1472
1407 1462
1408 1412
1409 1463
1409 1411
1409 1464
1414 1451
1416 1424
1417 1500
1418 1426
1419 1420
1419 1421
1420 1434
1422 1523
1422 1441
1423 1437
1424 1452
1424 1453
1424 1458
1425 1507
1425 1515
1428 1429
1428 1430
1428 1489
1429 1430
1429 1433
1430 1433
1431 1432
1431 1520
1431 1465
1432 1446
1438 1439
1438 1473
1439 1535
1440 1450
1440 1441
1441 1443
1442 1450
1442 1452
1443 1510
1443 1511
1443 1508
1445 1452
1448 1449
1449 1498
1455 1501
1455 1485
1455 1469
1457 1483
1458 1459
1460 1489
1464 1515
1466 1472
1466 1537
1469 1485
1470 1517
1470 1485
1471 1473
1472 1537
1473 1474
1474 1479
1474 1475
1475 1479
1476 1480
1477 1483
1478 1480
1480 1504
1481 1482
1486 1487
1487 1497
1487 1495
1488 1497
1488 1495
1488 1496
1491 1495
1491 1497
1495 1497
1495 1521
1496 1497
1497 1498
1501 1502
1501 1529
1503 1509
1508 1510
1510 1511
1513 1514
1518 1527
1522 1530
1536 1543
1537 1538
1539 1540
1539 1543
1540 1543
1541 1546
1542 1545
