6144 5492
6144 6074
6144 5516
6145 6147
6146 6125
6146 6147
6146 5913
6147 5645
6147 6129
6148 5510
6148 5559
6148 5791
6148 6070
6148 6134
6148 5684
6149 5482
6149 5748
6149 5961
6149 6103
6150 5482
6150 5857
6150 5870
6150 6090
6151 5489
6151 5549
6151 5592
6151 5716
6151 5717
6151 5742
6151 5789
6151 5796
6151 5811
6151 6012
6151 6031
6151 6180
6152 5634
6152 5665
6152 5872
6152 6087
6154 5876
6154 6010
6154 5918
6155 5729
6155 5730
6155 5731
6155 6022
6156 5879
6156 5945
6156 5946
6156 5878
6157 5496
6157 5721
6157 5722
6157 5726
6157 5738
6157 5871
6157 5920
6157 5936
6157 6014
6157 6016
6158 5574
6158 5674
6158 5794
6158 6016
6158 6083
6159 5585
6159 5587
6159 5728
6159 5946
6159 5952
6159 5958
6159 6018
6159 6162
6160 5994
6160 6162
6161 5589
6161 5788
6162 5994
6162 5998
6162 5918
6163 5948
6163 6064
6163 6135
6163 5590
6164 5595
6164 5628
6164 6093
6164 6174
6164 6184
6164 6180
6164 6019
6164 5541
6164 6173
6165 5604
6165 6178
6166 5591
6166 5595
6166 6091
6166 6095
6166 6173
6166 5733
6166 5913
6167 5858
6167 6092
6168 5593
6168 5624
6168 6091
6168 5604
6168 6185
6169 5766
6169 5767
6169 6100
6169 6124
6169 5908
6170 5768
6170 5769
6170 6171
6171 5766
6172 5596
6172 6050
6172 5766
6172 5765
6172 5956
6172 5838
6173 5591
6173 5595
6174 5595
6174 5628
6174 5659
6174 6093
6174 6095
6174 6184
6174 6180
6174 6185
6175 5483
6175 5495
6175 5764
6175 5934
6175 6186
6175 5918
6175 6184
6176 5498
6176 5703
6176 6010
6176 6116
6176 6117
6176 5918
6177 5763
6177 6180
6178 5575
6178 5604
6178 5790
6178 6071
6179 5776
6179 5792
6179 6005
6179 5671
6179 6103
6180 5595
6180 5628
6180 5659
6180 6093
6180 6211
6180 6184
6180 6221
6181 5568
6181 5570
6181 5642
6181 5645
6181 5812
6181 6028
6181 6032
6181 6101
6181 6183
6181 6182
6181 5664
6182 5477
6182 5541
6182 5625
6182 5818
6183 5642
6183 5776
6184 5595
6184 5628
6184 6068
6184 6093
6184 6185
6184 6186
6185 5628
6185 5741
6185 5782
6185 6186
6186 5724
6187 5500
6187 5650
6187 5786
6187 6097
6188 5781
6188 5818
6188 5963
6188 5939
6189 5596
6189 5644
6189 6079
6189 6190
6190 5596
6190 5866
6190 5644
6191 5644
6192 5534
6192 5563
6192 5759
6192 5971
6192 6013
6192 6024
6192 5639
6192 6234
6194 6198
6195 6197
6195 5785
6195 5588
6195 6203
6197 6203
6197 6200
6197 5901
6197 5617
6199 5656
6199 6206
6199 6202
6199 6200
6200 5465
6200 5466
6200 6203
6200 5697
6200 5464
6201 6205
6201 5617
6202 5924
6202 6206
6202 5655
6202 6207
6203 5617
6204 6033
6204 6205
6204 5573
6204 5951
6204 5711
6204 5830
6205 6033
6205 6034
6206 5655
6206 5656
6206 5922
6206 5924
6206 6097
6206 5917
6206 6207
6207 5924
6207 5655
6208 5494
6208 5746
6208 5976
6208 6102
6209 5734
6209 5821
6209 5512
6210 5544
6210 5777
6210 5686
6211 6093
6211 6217
6211 5851
6212 5490
6212 5503
6212 5528
6212 5545
6212 5778
6212 5904
6212 5930
6212 6213
6213 5490
6213 5545
6213 5753
6213 5778
6213 6060
6214 5978
6214 5491
6214 5904
6215 5469
6215 5716
6217 5469
6217 5479
6217 5513
6217 5758
6218 6219
6218 5787
6219 5478
6219 6128
6219 6129
6219 5658
6219 5862
6219 6221
6220 5983
6220 5644
6220 6048
6222 6105
6222 6223
6222 6224
6222 5655
6223 5655
6225 5508
6225 5538
6225 5678
6226 6230
6228 5507
6228 5692
6228 5744
6228 5772
6228 5773
6228 5941
6228 6043
6229 5844
6229 5752
6229 5512
6230 5836
6230 6003
6231 5632
6232 5633
6232 5696
6232 5996
6233 5513
6233 5515
6233 5554
6233 5766
6233 5821
6233 6136
6234 5531
6235 5532
6235 5533
6235 5534
6235 5554
6236 5800
6236 6237
6237 5680
6237 6001
6237 6003
5464 5697
5464 5687
5464 5465
5464 5466
5465 5466
5465 5771
5466 5467
5468 5890
5469 5479
5469 5901
5470 5665
5470 5664
5470 5570
5470 5877
5470 5707
5470 5713
5470 5714
5470 5763
5470 5927
5471 6065
5471 5876
5473 5562
5473 5639
5473 5561
5474 6126
5475 5479
5475 5696
5475 5476
5476 5479
5476 5594
5476 5806
5477 5624
5477 5518
5477 5798
5477 5507
5478 5806
5478 5663
5478 6034
5480 5711
5480 6008
5480 5526
5481 6072
5481 5748
5481 5686
5481 5916
5482 5913
5482 6090
5482 5812
5482 5857
5482 5870
5483 5499
5483 5484
5483 5764
5483 5497
5484 5764
5484 5499
5485 5497
5485 5551
5486 5855
5486 5761
5486 5762
5487 5904
5487 5491
5487 6062
5487 5528
5487 5755
5487 6063
5488 5489
5489 6005
5489 6031
5489 6006
5489 5795
5489 5796
5490 6060
5491 6061
5491 6073
5491 5978
5493 5954
5494 5746
5494 6102
5495 5566
5495 5919
5496 5724
5496 5885
5496 5920
5496 5871
5499 5500
5499 5643
5500 5650
5501 5639
5501 5545
5502 5528
5502 5879
5502 5880
5503 5904
5503 5753
5503 5755
5503 5938
5504 5708
5505 6082
5506 5847
5507 5773
5507 5903
5507 5690
5507 5787
5507 5806
5507 5860
5507 5941
5507 6015
5507 6043
5508 6062
5508 6128
5509 5661
5509 5956
5510 6070
5510 6134
5510 5898
5510 6054
5510 5559
5510 5791
5511 5939
5511 5790
5511 5605
5511 6007
5512 5524
5512 5513
5512 5514
5512 5577
5513 5822
5513 5943
5513 5840
5514 5515
5514 5846
5515 5525
5516 5594
5516 6089
5516 5936
5516 5579
5516 6056
5517 5937
5517 5871
5517 5936
5517 6090
5518 5890
5518 5676
5518 5932
5518 5853
5518 5961
5519 5642
5519 5562
5521 5522
5521 5523
5522 5581
5522 5799
5522 5735
5522 5797
5522 5825
5522 5837
5522 6141
5523 5525
5524 5849
5524 5581
5524 5851
5524 6003
5524 5821
5524 6034
5525 5657
5526 5996
5526 6137
5526 5539
5526 5696
5526 5928
5526 5536
5526 5680
5526 5711
5526 5850
5526 5864
5526 5884
5526 5951
5527 5535
5527 5528
5527 5537
5528 5545
5528 5748
5528 5778
5529 6049
5529 5756
5529 5765
5529 5766
5529 5838
5529 6050
5530 5531
5530 5532
5530 5766
5531 5532
5532 5533
5532 5766
5533 5534
5534 5932
5534 5956
5535 5537
5535 5676
5535 5704
5535 5765
5536 5679
5536 5680
5536 5954
5537 5851
5538 5678
5538 5675
5538 6107
5539 5687
5539 5781
5539 5848
5539 5864
5541 5555
5541 6019
5541 5754
5541 5950
5541 6057
5542 5622
5542 5746
5543 6009
5543 5686
5543 5733
5543 6039
5543 5913
5543 5916
5543 6135
5544 5777
5544 5940
5544 5686
5545 5778
5545 5753
5545 5758
5545 5777
5545 5940
5545 6059
5546 5551
5546 5779
5546 5621
5547 6013
5548 5737
5548 5888
5549 5901
5549 5744
5549 5592
5549 5716
5550 6142
5550 5586
5550 5877
5550 5717
5551 5779
5551 5552
5552 5801
5552 5779
5553 5737
5553 5992
5553 5886
5553 5973
5553 5888
5555 5695
5556 5889
5556 5634
5557 5665
5557 6016
5557 5926
5557 5927
5557 5674
5557 5794
5558 5960
5558 5820
5559 5913
5559 5573
5559 5629
5559 6002
5559 6056
5560 5563
5560 5921
5561 5998
5561 5643
5561 6003
5561 5639
5561 5645
5563 5921
5563 5639
5563 5923
5564 5572
5564 5923
5565 5998
5565 5994
5565 5643
5566 5919
5566 5570
5566 5571
5566 5920
5566 5724
5566 5873
5567 5645
5567 5570
5567 5568
5567 5642
5568 5570
5568 5664
5568 5725
5568 5642
5568 5569
5569 5664
5570 6142
5570 5664
5570 5927
5570 5785
5570 5588
5570 5652
5570 5722
5570 5873
5570 5895
5570 6017
5571 5696
5571 5915
5571 6126
5571 6127
5572 5766
5572 5623
5573 5649
5573 5998
5573 5697
5573 5999
5573 5713
5573 6032
5574 6083
5574 5674
5574 6016
5575 5790
5576 6143
5577 5785
5577 5754
5577 5783
5578 5766
5579 5666
5579 5624
5580 6142
5581 5582
5581 5677
5581 5679
5581 5749
5581 5827
5581 5837
5581 5849
5581 6141
5582 5677
5582 6141
5582 5863
5583 5958
5585 5946
5585 5958
5585 5587
5585 5952
5585 6018
5585 5713
5585 5728
5586 5664
5586 6101
5587 5952
5587 5958
5587 5944
5587 5726
5588 5785
5588 6142
5588 5877
5588 5787
5588 5927
5589 5661
5589 5783
5590 5914
5591 6095
5591 5595
5591 6132
5592 5717
5592 5901
5592 5716
5593 5624
5593 6091
5594 6046
5594 6089
5594 5806
5594 5667
5595 5628
5595 6093
5595 5626
5595 6091
5595 6095
5596 5597
5596 5926
5597 5785
5597 5877
5597 5598
5598 5950
5598 5743
5598 6131
5598 6132
5599 6142
5599 5877
5601 5616
5601 5704
5601 5787
5602 6105
5604 5733
5604 5685
5604 5790
5604 5754
5604 5759
5604 6057
5604 6108
5605 6007
5605 5786
5606 6008
5606 5620
5608 5609
5608 5618
5609 6080
5609 6081
5610 5612
5611 6084
5611 5671
5612 5963
5614 5615
5616 5704
5616 5619
5616 5618
5616 5620
5618 5619
5620 5621
5621 6010
5622 5746
5623 5906
5623 5638
5624 5626
5624 6091
5624 5668
5624 5961
5624 5669
5625 5948
5625 5950
5625 6131
5625 6132
5626 6091
5626 5714
5627 5687
5628 6093
5628 5918
5629 6105
5629 5630
5630 5639
5631 5956
5632 6041
5632 6083
5633 5872
5633 6083
5634 6087
5635 5661
5635 5695
5636 5982
5636 5819
5637 6046
5637 6053
5638 5831
5638 5649
5638 5913
5638 6071
5638 5646
5639 5650
5639 5844
5639 5921
5639 5998
5639 6011
5639 6013
5639 6024
5639 6055
5640 5782
5640 6118
5640 5641
5640 5824
5640 6095
5640 6126
5641 5650
5641 6014
5642 5776
5642 5664
5642 6028
5642 6037
5643 5998
5643 5656
5644 5688
5644 5648
5645 6028
5646 5648
5646 5649
5646 5917
5646 5831
5647 5649
5647 5782
5647 5919
5647 5888
5648 5714
5649 5697
5649 5651
5649 5831
5649 5832
5649 6012
5649 6032
5650 5786
5650 5651
5650 6014
5650 6088
5651 6105
5651 6003
5651 5652
5651 6035
5652 6003
5652 5708
5654 5987
5654 5696
5654 5772
5654 5991
5655 5924
5657 5920
5658 5860
5658 6128
5658 5806
5658 5861
5658 5902
5658 5982
5660 6076
5661 6006
5661 6005
5661 5668
5661 5669
5663 5943
5664 5877
5664 6142
5664 6021
5664 6101
5665 5794
5665 5809
5666 5987
5666 5859
5667 5669
5667 5922
5668 5669
5669 6046
5669 6075
5670 5960
5671 5672
5671 6084
5671 6099
5673 5894
5674 5794
5674 6083
5676 5687
5677 5863
5677 5825
5677 5839
5677 5865
5677 6141
5679 5680
5680 6140
5681 5785
5681 6142
5681 6096
5682 6001
5683 5868
5683 5869
5684 5898
5684 6134
5684 6070
5684 6054
5685 5733
5685 6103
5686 5916
5686 6009
5687 5704
5687 5939
5688 6016
5689 5735
5689 5839
5689 5837
5690 5691
5690 5692
5690 5779
5690 5787
5690 5903
5690 6073
5692 6015
5696 5996
5696 5848
5696 5957
5696 5719
5696 5769
5696 5956
5696 6081
5696 6137
5697 5998
5698 5899
5699 5970
5699 5969
5699 6063
5700 6124
5701 5702
5701 5907
5701 5906
5701 5800
5701 5801
5703 6028
5703 6029
5705 5804
5706 5856
5706 5709
5707 5763
5708 6003
5708 6019
5708 6067
5709 5710
5709 6066
5709 6113
5710 6066
5710 6115
5710 6065
5711 5712
5711 5863
5711 5825
5712 5785
5712 5822
5712 6136
5713 5958
5714 6101
5715 5811
5715 5902
5716 5717
5716 5889
5716 6012
5717 6012
5718 5823
5718 5937
5719 5863
5719 6011
5719 5848
5719 6010
5719 5865
5719 5957
5720 5893
5720 5973
5721 5722
5721 5920
5721 5893
5721 6016
5721 5724
5722 5927
5722 5920
5724 5726
5724 5885
5724 5826
5726 6137
5726 5849
5726 5952
5726 5850
5726 5865
5727 5944
5727 5728
5727 5952
5727 5958
5727 5729
5727 6018
5728 6018
5728 5958
5728 5952
5728 5959
5729 6022
5729 5946
5729 5730
5730 6022
5730 5731
5731 5990
5732 5760
5732 5960
5733 5899
5734 5821
5735 5837
5735 5839
5735 5838
5735 5799
5735 5736
5736 5837
5736 5805
5736 5839
5736 6074
5737 5973
5737 5992
5737 5808
5737 5888
5737 5993
5738 6083
5738 5920
5738 5887
5738 5871
5739 5796
5739 5992
5739 5958
5739 5973
5739 5993
5740 5793
5740 5886
5740 5887
5741 5801
5743 5785
5743 6097
5744 5901
5745 6055
5745 5843
5745 5971
5745 6000
5745 6011
5745 6122
5746 6102
5746 5976
5747 6008
5747 6038
5747 5748
5748 6103
5748 6072
5748 5758
5750 5809
5751 5753
5751 5836
5752 5753
5752 6105
5752 5759
5753 5759
5754 5806
5755 6062
5755 5756
5755 5904
5756 5757
5756 5828
5757 5758
5757 6059
5757 5978
5758 6059
5759 5781
5760 5960
5761 5855
5761 5762
5762 5855
5763 6047
5765 6049
5765 5766
5765 5923
5765 6050
5766 6049
5766 5767
5766 5768
5766 6050
5767 5906
5767 5769
5767 5768
5768 5769
5768 5906
5768 6049
5771 5772
5771 5987
5771 5851
5771 5926
5771 5997
5772 5987
5773 5941
5774 6008
5774 5852
5774 5890
5774 5932
5775 5928
5777 5940
5777 5918
5779 5878
5780 5851
5780 5785
5781 5939
5781 5818
5781 5864
5781 5925
5782 6118
5784 6088
5784 5922
5785 6142
5785 6019
5787 6015
5790 6038
5790 6071
5791 6039
5792 5794
5792 5916
5793 5886
5793 5887
5794 5889
5795 5796
5795 6078
5796 5889
5798 5961
5799 5864
5799 6140
5799 6141
5800 5907
5800 5908
5802 5988
5802 5984
5802 6079
5803 6092
5803 6109
5803 5858
5804 5969
5804 5911
5805 6042
5805 6027
5805 5810
5805 5807
5805 6053
5806 5941
5806 5862
5807 6042
5807 5810
5808 5975
5808 5993
5808 6083
5809 6047
5810 6042
5810 6053
5811 6048
5811 6031
5812 6097
5813 6086
5813 5867
5814 5965
5814 5815
5814 5966
5814 5817
5814 6030
5815 5965
5817 5965
5817 5967
5817 5922
5820 5960
5821 5822
5821 6040
5821 6074
5822 6106
5824 6109
5824 6108
5827 5828
5827 5837
5828 5829
5828 6080
5830 5832
5830 5833
5830 6105
5830 6035
5832 5834
5832 6012
5833 5834
5833 5835
5833 6105
5833 6035
5834 6105
5835 6105
5836 5844
5837 5839
5837 5838
5838 5839
5839 5865
5839 5863
5840 5962
5841 6069
5841 6019
5842 6142
5843 6055
5844 6105
5844 6003
5845 5961
5846 5847
5846 6068
5846 6023
5846 6067
5847 5917
5847 6023
5847 6066
5847 6068
5847 6113
5848 5996
5848 5957
5849 6137
5849 5850
5849 5851
5849 6141
5849 5997
5850 6137
5851 5956
5851 6120
5852 6096
5852 6099
5852 6100
5854 5895
5855 5969
5855 5910
5855 6051
5856 5903
5857 5870
5857 6090
5857 5861
5858 5859
5858 6092
5859 6092
5859 6119
5860 5861
5860 5862
5860 6098
5861 6090
5861 6098
5861 5862
5862 5920
5862 5942
5863 5884
5864 5928
5864 6140
5866 5985
5867 6004
5868 5869
5871 5936
5871 5920
5872 5951
5872 6087
5873 5920
5873 6143
5873 6016
5873 5927
5874 5950
5874 5947
5874 5918
5874 5875
5874 6130
5874 6131
5875 6116
5877 6142
5877 5881
5877 5927
5877 6076
5877 6099
5878 5879
5878 5945
5878 5949
5879 5880
5879 5945
5879 5949
5880 6058
5881 6006
5881 5890
5882 5883
5882 6003
5882 6056
5887 5895
5890 5894
5890 5932
5891 6086
5892 5897
5893 5894
5895 6020
5896 5932
5896 6020
5898 6134
5898 6054
5898 6070
5900 5980
5901 5902
5903 5995
5903 6040
5903 6066
5905 6062
5906 5908
5906 5907
5907 6050
5908 5909
5909 5969
5909 5910
5910 5969
5910 6052
5911 5969
5911 6086
5912 6008
5913 6071
5914 6038
5917 5918
5917 6010
5917 5934
5917 5947
5917 5955
5917 6110
5918 6010
5918 5947
5918 5955
5918 6110
5918 6138
5919 5920
5920 6016
5920 5927
5920 5936
5920 5942
5920 6017
5921 5923
5922 6101
5923 6105
5923 6003
5923 6049
5925 5939
5926 6016
5926 6021
5927 6017
5927 6020
5928 6008
5928 6037
5929 5933
5930 5932
5931 5943
5932 6020
5933 6014
5934 5940
5934 5938
5936 6016
5936 5982
5936 6017
5936 6014
5937 5942
5944 5952
5944 5958
5944 5996
5945 5949
5945 5990
5946 5958
5946 5955
5947 6039
5947 5953
5948 5950
5950 6131
5950 6132
5952 5958
5952 5954
5952 6018
5953 5955
5957 5996
5958 6018
5964 6041
5965 5967
5965 5966
5968 6120
5969 6051
5970 5971
5970 6063
5973 6003
5973 6105
5973 6078
5976 6071
5976 6102
5976 6080
5984 5986
5984 5988
5984 6079
5986 6078
5987 5991
5989 6010
5990 5991
5994 6026
5995 6039
5995 6040
5996 6081
5996 6137
5998 6000
5998 6002
5998 6011
6000 6002
6000 6011
6003 6105
6003 6024
6003 6058
6003 6059
6003 6120
6004 6041
6005 6006
6005 6031
6005 6045
6006 6031
6006 6045
6006 6076
6006 6084
6007 6045
6009 6104
6010 6011
6016 6018
6019 6093
6024 6025
6025 6056
6027 6042
6028 6029
6032 6124
6033 6124
6033 6034
6034 6035
6035 6105
6039 6135
6040 6074
6041 6083
6041 6045
6042 6053
6045 6121
6047 6048
6049 6050
6051 6052
6054 6134
6055 6122
6060 6061
6065 6067
6065 6113
6065 6112
6065 6066
6066 6113
6067 6112
6070 6134
6071 6072
6072 6123
6076 6078
6077 6078
6080 6081
6081 6137
6085 6103
6091 6095
6096 6100
6096 6099
6099 6100
6099 6101
6099 6142
6104 6105
6106 6107
6107 6133
6108 6109
6109 6110
6110 6111
6111 6117
6111 6115
6112 6115
6112 6116
6114 6115
6114 6116
6114 6117
6115 6116
6115 6117
6116 6117
6120 6123
6130 6132
6131 6133
6131 6132
6137 6140
6138 6140
6138 6139
6138 6141
6139 6140
6139 6141
6140 6141
6142 6143
