0 741
0 163
0 537
0 425
0 538
0 630
0 742
0 749
1 556
1 194
1 273
1 574
2 163
2 164
2 423
2 764
2 535
2 421
2 487
3 728
3 27
4 427
4 429
4 537
4 5
5 427
5 430
6 419
6 582
6 200
7 582
7 581
7 424
7 592
8 588
8 647
8 497
8 436
8 434
8 10
8 91
9 337
9 251
9 438
9 249
9 725
10 11
10 497
11 32
11 33
12 599
12 272
13 317
14 522
15 539
15 471
16 494
16 490
16 25
16 454
16 24
16 493
16 487
16 481
16 491
17 201
17 249
17 275
18 31
18 529
18 483
19 453
19 381
20 22
20 608
20 460
21 549
22 608
22 489
24 487
24 321
24 614
24 490
24 494
24 615
24 493
25 212
25 53
25 490
25 213
25 762
25 573
25 491
25 492
25 494
26 431
26 430
26 595
27 659
27 595
28 406
30 92
30 417
30 724
31 586
31 156
31 260
32 255
32 123
32 661
33 668
33 128
33 255
33 329
33 37
33 407
34 182
35 43
35 115
35 354
35 639
35 680
36 257
36 180
36 182
37 668
37 128
37 293
37 329
37 336
37 372
37 407
37 518
37 704
38 541
38 679
39 664
39 295
39 246
39 324
40 402
40 325
41 394
41 650
41 301
41 302
41 424
41 697
42 182
42 393
42 459
42 468
42 475
42 705
43 394
43 699
43 391
45 504
45 750
45 528
45 63
45 757
45 505
45 760
46 47
47 503
48 524
48 594
49 145
49 95
50 555
50 146
50 439
51 204
51 152
51 76
53 212
53 762
53 556
53 573
53 101
53 192
53 213
53 490
53 533
53 557
53 674
53 675
53 763
54 163
54 749
54 629
54 630
54 742
55 56
55 491
55 766
57 583
57 506
58 520
58 512
58 252
59 278
59 698
60 279
60 330
61 331
61 717
61 278
62 699
62 701
62 342
62 72
62 532
63 64
63 760
63 78
63 71
66 346
66 146
66 546
66 470
68 753
68 566
68 74
68 695
68 485
68 519
69 319
69 118
70 202
70 228
70 333
70 408
70 668
71 701
71 162
71 73
71 338
71 667
73 74
74 641
74 77
74 695
75 77
75 426
75 271
75 631
76 567
76 566
76 178
78 757
78 79
78 80
78 312
78 620
79 80
80 616
81 482
81 486
81 82
82 90
82 317
82 484
82 316
83 85
83 485
83 181
83 411
83 109
84 485
84 567
85 296
85 410
85 185
85 467
85 458
85 663
85 734
86 310
86 410
86 168
87 368
87 108
87 401
88 520
88 395
88 306
88 89
88 299
88 626
88 627
89 306
89 520
89 299
90 317
90 91
90 647
90 116
90 618
91 316
91 317
91 497
91 434
91 618
92 417
92 724
93 386
93 204
94 96
94 642
95 204
95 155
96 642
96 106
97 415
98 437
98 415
98 413
99 155
99 222
99 673
99 726
100 555
101 762
101 212
101 533
101 556
102 495
102 350
102 677
102 285
103 204
103 715
104 532
104 105
107 546
107 555
108 368
108 564
109 116
109 407
110 219
110 113
111 113
111 157
111 614
111 121
111 112
111 320
111 638
112 679
112 311
112 559
112 560
113 614
113 118
113 157
113 114
113 320
113 418
113 492
113 615
113 761
114 614
115 723
115 202
115 378
116 318
116 561
117 475
118 614
118 180
118 615
118 761
120 320
120 286
120 390
120 534
121 122
121 201
122 653
124 571
125 217
126 449
126 572
126 340
126 268
126 339
127 667
127 128
127 137
128 129
128 293
128 329
128 336
128 361
128 372
129 605
130 453
130 342
130 701
130 734
131 655
132 455
132 133
132 138
132 456
132 563
132 139
133 138
133 139
133 134
133 455
133 352
134 457
134 502
134 136
134 651
134 135
134 344
134 456
134 489
134 581
134 652
136 138
136 579
136 501
136 489
137 138
138 139
138 297
138 769
140 632
140 586
140 156
140 260
140 188
140 232
141 142
141 148
141 149
141 147
142 149
143 144
144 500
144 267
144 716
145 500
145 146
145 184
145 554
146 555
147 148
147 636
147 635
147 637
147 680
148 636
148 637
148 680
148 635
149 150
149 636
149 680
150 151
150 282
151 196
151 283
151 366
151 435
152 319
152 259
152 565
153 546
154 267
155 269
155 331
156 260
156 586
156 188
156 632
157 217
157 541
158 679
158 529
159 760
159 309
159 615
160 536
160 530
160 732
161 228
162 170
162 164
162 543
163 164
163 741
163 535
163 423
163 425
163 742
164 535
164 741
164 764
165 167
165 611
165 613
166 446
166 350
166 677
167 611
167 613
167 681
167 683
168 310
168 410
168 663
169 758
169 280
169 536
170 749
170 538
170 629
171 605
172 384
172 632
172 196
174 251
175 401
175 438
175 250
175 692
175 767
176 564
176 401
176 398
177 251
178 181
178 470
178 567
180 257
180 475
181 470
184 187
184 754
185 313
185 206
185 719
186 738
187 349
187 439
187 754
188 260
188 632
188 274
189 190
189 235
189 616
189 721
190 721
191 338
191 451
191 452
191 204
191 340
192 556
192 212
192 762
192 573
192 193
192 432
192 506
192 557
193 596
193 238
193 206
193 352
193 594
194 556
195 767
195 200
196 595
197 198
197 199
200 765
200 303
201 602
201 232
201 510
202 406
202 333
202 370
202 387
203 228
203 227
204 715
204 689
204 493
204 517
205 221
205 534
206 660
206 659
206 447
206 609
206 719
208 246
208 397
208 666
208 291
208 307
208 396
210 564
210 211
210 766
211 660
211 766
212 762
212 556
212 573
212 213
212 490
212 533
212 557
212 674
212 675
212 763
213 222
213 563
213 223
215 659
216 496
216 756
216 571
216 306
217 587
217 511
217 541
217 679
218 710
219 220
219 221
220 710
220 225
220 356
221 534
222 673
222 566
222 752
223 563
223 568
223 626
223 485
223 549
223 625
224 710
224 356
224 544
225 710
225 356
226 228
227 228
227 229
228 229
229 370
229 230
230 287
232 540
232 586
232 632
232 473
232 644
233 709
233 274
234 243
234 380
235 721
235 469
235 242
235 468
235 473
236 237
237 713
237 681
237 466
238 530
238 714
239 687
239 464
239 245
239 462
241 653
242 468
242 709
242 683
242 469
242 738
243 475
244 714
244 350
244 445
245 687
245 464
245 689
245 715
245 688
246 324
246 397
246 520
246 291
246 248
246 298
246 307
246 396
246 666
247 325
247 660
247 258
247 298
248 258
248 324
248 397
248 307
249 250
249 520
249 438
249 530
249 266
250 266
250 265
252 520
252 512
253 748
253 564
257 700
258 516
258 514
259 365
259 702
259 355
259 523
260 586
260 632
261 682
261 267
262 263
263 637
263 636
267 414
267 505
267 667
268 562
268 572
268 269
270 591
270 599
270 271
271 541
271 599
271 339
272 599
272 625
273 349
276 277
276 587
276 540
277 337
277 354
278 520
278 648
278 665
279 330
279 520
280 520
280 547
281 343
282 542
283 595
283 707
284 539
284 390
285 691
285 350
285 288
286 569
286 334
288 658
288 584
290 384
290 570
290 678
290 417
291 324
291 397
291 307
292 392
292 293
292 730
292 731
292 739
293 668
293 729
293 699
294 390
294 737
295 664
296 467
298 397
298 307
298 627
298 396
298 395
298 299
299 306
299 397
299 395
300 697
300 698
300 634
301 394
301 403
301 520
302 392
302 304
302 650
304 305
305 693
305 512
305 307
306 586
306 510
307 324
307 396
307 397
307 512
307 666
308 616
308 482
309 364
310 587
310 326
310 410
312 373
312 382
312 748
312 381
313 611
313 314
313 322
314 548
316 317
316 618
317 622
318 319
318 647
318 661
319 705
320 615
320 761
320 614
321 487
323 745
323 326
324 397
324 633
324 666
325 660
325 512
325 411
326 750
326 743
327 348
329 407
329 668
331 537
331 729
333 406
334 438
334 758
334 376
334 378
334 569
334 740
335 568
336 405
337 723
338 451
338 339
338 340
338 449
339 449
339 541
340 451
340 449
340 667
341 547
341 551
341 344
342 453
342 701
344 457
344 345
344 353
345 457
347 543
347 548
347 515
348 631
349 439
349 351
350 761
350 445
350 677
351 353
352 659
353 719
354 355
354 639
354 628
355 367
355 378
355 513
355 639
355 685
356 710
357 629
357 358
357 444
359 366
361 621
362 430
362 578
363 364
363 619
363 623
363 620
364 619
365 527
365 758
365 445
365 523
365 612
365 658
365 702
367 454
367 426
367 463
369 412
369 413
370 406
371 470
372 518
373 378
373 542
373 685
374 375
376 758
376 718
376 438
377 430
377 606
378 542
378 630
379 505
379 606
379 625
379 671
381 382
384 570
384 417
385 708
385 387
386 695
387 388
387 668
388 591
389 514
389 390
389 515
389 701
391 394
391 699
391 563
392 393
394 520
394 512
394 699
395 512
395 523
396 397
397 666
398 401
398 564
399 543
399 544
400 527
400 526
400 416
400 707
400 712
402 403
402 488
402 422
403 415
404 420
404 759
404 611
409 411
411 624
411 683
411 691
412 413
413 415
414 415
415 437
415 590
415 725
417 724
417 678
418 588
420 759
420 421
420 424
420 519
420 611
420 695
421 423
422 423
422 424
425 749
425 751
425 750
426 690
426 494
428 429
428 585
428 575
428 430
428 659
428 694
429 585
430 431
430 621
430 671
432 556
433 692
433 577
433 707
434 436
435 658
435 596
436 590
438 758
438 473
438 740
439 693
439 555
440 442
440 444
440 446
441 658
441 639
442 444
443 444
443 567
444 629
444 626
445 758
447 761
447 462
448 676
449 740
451 452
453 701
454 700
454 494
454 495
455 580
456 502
457 502
458 760
459 679
459 477
460 461
460 711
460 529
460 591
460 753
460 755
461 711
461 463
462 600
463 596
464 687
464 465
464 688
465 687
465 715
465 689
466 681
466 713
467 515
467 507
468 709
468 759
468 683
468 469
469 479
469 519
469 478
469 476
471 521
471 472
472 521
473 540
474 681
474 713
475 703
476 477
476 709
477 478
478 479
478 625
478 567
478 519
479 519
480 488
480 481
481 487
481 491
482 486
483 487
483 505
484 486
485 567
487 493
488 596
489 579
489 651
489 580
490 494
490 491
491 494
493 494
493 517
495 729
496 571
496 510
496 756
497 588
497 647
498 564
499 649
499 598
499 590
500 577
500 692
501 651
501 593
501 579
501 580
501 592
502 581
502 656
502 657
503 597
503 508
503 594
504 505
505 509
505 718
505 751
506 583
507 508
507 583
509 607
510 586
511 541
511 572
512 520
512 550
513 523
513 525
513 552
513 575
513 657
513 694
518 519
520 591
522 524
524 525
525 657
526 644
527 639
527 758
528 544
528 703
528 757
529 755
530 723
530 538
531 721
532 734
532 733
533 762
533 556
533 576
535 741
535 537
536 550
537 741
538 749
541 679
543 548
543 667
545 555
545 584
547 683
547 691
547 551
549 743
553 722
554 643
554 644
555 693
555 565
555 584
555 691
556 762
556 557
556 573
556 574
556 675
556 727
556 764
559 560
560 612
562 572
563 674
564 748
565 752
565 673
566 747
566 752
566 753
567 568
567 600
568 569
568 626
570 724
570 678
571 662
571 756
573 762
575 694
575 695
575 576
576 694
576 695
578 624
578 631
579 593
579 651
579 580
580 651
580 593
581 582
581 656
581 657
584 693
586 632
586 602
588 647
589 590
590 649
592 651
593 651
594 597
594 595
596 660
598 649
598 599
599 649
600 601
602 663
602 703
606 621
606 625
613 760
614 615
614 761
616 721
619 623
620 623
621 623
624 660
625 626
627 665
628 665
629 630
630 742
630 638
630 763
630 636
630 641
633 637
633 645
633 640
634 684
634 635
634 637
635 645
635 637
635 684
636 680
636 638
636 637
636 641
637 640
637 680
637 684
638 641
638 658
640 684
641 643
641 644
643 644
643 707
644 707
645 682
646 673
646 648
649 661
652 653
654 656
655 656
655 657
656 657
658 761
658 738
659 660
659 719
660 719
663 701
665 697
669 670
671 672
672 747
673 716
674 762
675 762
681 713
683 700
687 688
689 715
689 691
689 716
691 715
692 765
692 767
694 695
697 698
699 705
700 701
703 704
706 707
711 765
713 714
727 735
727 737
727 728
729 731
729 739
730 731
733 734
735 737
741 749
742 763
742 750
742 749
742 743
742 751
743 750
743 744
744 750
745 746
748 749
749 751
749 750
749 766
750 751
750 763
751 763
753 755
754 755
762 763
765 767
765 766
