2350 2764
2350 3052
2350 2354
2351 2907
2351 2448
2351 2828
2351 3003
2353 2905
2353 2354
2353 2356
2354 2356
2354 2355
2354 2905
2354 3139
2355 2911
2355 2356
2356 3000
2356 2905
2356 2792
2357 2913
2357 2363
2357 2360
2357 2548
2358 2911
2358 2360
2359 2915
2359 2917
2359 2916
2359 2717
2359 2712
2360 2913
2360 2361
2361 2878
2361 2583
2361 3074
2361 2938
2361 2877
2362 3075
2362 2878
2362 2489
2362 2880
2363 2913
2363 2547
2363 2548
2364 2554
2364 2493
2364 2684
2365 2443
2365 2781
2365 2601
2365 2602
2365 2654
2366 2826
2366 2732
2367 2739
2368 2589
2368 2369
2368 3129
2369 2500
2369 2589
2372 2720
2372 2856
2372 2722
2372 2471
2372 2871
2373 2457
2373 2722
2373 2856
2373 2847
2373 2420
2373 2877
2373 2889
2373 2898
2373 2901
2374 2696
2374 2476
2374 2376
2374 2377
2374 2731
2375 2377
2375 2539
2375 2647
2375 2887
2375 2696
2376 2377
2376 2696
2376 2476
2377 2476
2377 2696
2377 2731
2378 2588
2378 2986
2378 2987
2379 2735
2379 2409
2379 2986
2379 2543
2379 2479
2379 2539
2379 2909
2379 2911
2380 2540
2380 2748
2381 2636
2381 3095
2381 3035
2381 3037
2382 2437
2382 2636
2382 2541
2382 2436
2382 2926
2383 2414
2383 2477
2383 2638
2383 2707
2383 3097
2384 2478
2384 3037
2384 2477
2385 3093
2385 2840
2385 3102
2385 3103
2385 2432
2385 2839
2385 3105
2386 2920
2386 2919
2386 2387
2386 3013
2386 2923
2386 2918
2387 2919
2387 3093
2387 2427
2387 3107
2387 2640
2387 2411
2387 2764
2387 2920
2387 2428
2387 2918
2387 2921
2387 3016
2387 3105
2388 2434
2389 2523
2390 2632
2390 2993
2391 2642
2392 2654
2392 3066
2392 2927
2392 2653
2392 3032
2392 2915
2393 3095
2393 2636
2393 2415
2393 2967
2393 2485
2394 3073
2394 2439
2394 2755
2394 2630
2395 2937
2395 2525
2395 2503
2395 3019
2396 3028
2396 2459
2396 2934
2397 2432
2397 2435
2398 2413
2398 2665
2398 2523
2399 2426
2399 2400
2399 2429
2400 2720
2400 2856
2400 2426
2400 2808
2401 2402
2401 2699
2402 2988
2402 2576
2402 2531
2402 2664
2402 2787
2402 2989
2403 2407
2403 2469
2404 2801
2404 2977
2404 2657
2405 2430
2405 2470
2405 2433
2405 2435
2405 2473
2408 3098
2408 2591
2408 3059
2409 2735
2409 2753
2410 3071
2410 3007
2410 3063
2410 2417
2410 2528
2410 2798
2411 3093
2411 2640
2411 3105
2411 3107
2411 3097
2411 2835
2411 2414
2411 2764
2412 3093
2412 3107
2412 2981
2413 3107
2413 2642
2413 3017
2414 2416
2414 2707
2415 3095
2415 2636
2416 2808
2416 2830
2417 2798
2417 3007
2417 3071
2417 2528
2417 2558
2417 2663
2417 3063
2418 2884
2418 2448
2418 2537
2418 3002
2418 2422
2419 2847
2420 2847
2420 2898
2421 2670
2421 2482
2422 2448
2422 2798
2422 2856
2422 2799
2422 3003
2424 2572
2424 2571
2424 2665
2424 2646
2424 2583
2425 2953
2425 2567
2425 3137
2426 2432
2426 2429
2426 2894
2426 2438
2427 2919
2427 2918
2427 2860
2427 2904
2428 2717
2428 2921
2428 2606
2430 2470
2430 2432
2430 2433
2431 2972
2431 2479
2432 2718
2432 3109
2432 2435
2433 2470
2435 2926
2435 2437
2436 2667
2436 2967
2436 2978
2436 2522
2436 2873
2437 2926
2439 3073
2439 3038
2440 2441
2440 2662
2441 2807
2441 2928
2441 3027
2442 2843
2443 2781
2443 2601
2443 2602
2443 2935
2444 2637
2444 2530
2444 2675
2444 2680
2444 2681
2444 3023
2445 2532
2445 2446
2445 2555
2445 2556
2445 2566
2445 2680
2446 2566
2446 2447
2447 2637
2447 2867
2447 2532
2447 2638
2447 2960
2447 2963
2448 3003
2448 2884
2448 2478
2448 2530
2448 2871
2448 2876
2448 2907
2448 3126
2449 2475
2450 3128
2450 3132
2451 2800
2451 2925
2452 2453
2452 2925
2452 2692
2452 2514
2452 2759
2452 2761
2452 2762
2452 2763
2452 3041
2453 2925
2454 2455
2454 2846
2454 2845
2454 2792
2455 2819
2455 2456
2456 2662
2457 2799
2457 2856
2457 2803
2457 2726
2458 2459
2458 2656
2459 2524
2459 2652
2459 2668
2459 2934
2460 3014
2461 2471
2461 2618
2462 2864
2462 2799
2463 2471
2464 3035
2464 2618
2464 2538
2465 2467
2465 2469
2465 2659
2465 2466
2465 2468
2465 2750
2466 2467
2467 2469
2469 2582
2471 2720
2471 2472
2472 2483
2472 2473
2474 2585
2474 2586
2475 2476
2475 2567
2475 2629
2475 2674
2475 2676
2476 2696
2476 2674
2476 3079
2477 2867
2477 2870
2477 2766
2477 3047
2477 3118
2478 2853
2478 2725
2479 2986
2479 2985
2479 2990
2479 2643
2480 2986
2480 2545
2481 3015
2482 2483
2482 3098
2483 2772
2483 2767
2484 2725
2485 3106
2485 2630
2485 3058
2486 2628
2486 2619
2486 2853
2486 3081
2486 2723
2487 2777
2487 2506
2488 2900
2489 2898
2489 2900
2489 2491
2489 2602
2490 2961
2490 2939
2491 2898
2491 2900
2492 2964
2492 2554
2492 2715
2492 3060
2493 2554
2493 2858
2494 3120
2494 2986
2494 2495
2494 2570
2494 2576
2494 3064
2495 2711
2495 2712
2496 3114
2496 3112
2496 2877
2496 3062
2496 2497
2497 2878
2497 2499
2497 2635
2498 3118
2499 2823
2499 2635
2500 2983
2500 2980
2500 3062
2500 3114
2501 2824
2501 3133
2501 2714
2501 2893
2502 2978
2503 2937
2503 3023
2504 2505
2504 2794
2505 2506
2506 2862
2507 2862
2507 2861
2508 2906
2508 2908
2508 3023
2509 2857
2509 2709
2509 2903
2510 2512
2510 2912
2511 2814
2511 2519
2511 2594
2511 3073
2512 2912
2512 3046
2513 2517
2513 2786
2513 2605
2514 2720
2514 2951
2514 2803
2517 2990
2517 2985
2517 2986
2517 2747
2519 2860
2519 2945
2520 3072
2520 2588
2521 2844
2521 3094
2521 2747
2521 3097
2522 2908
2522 2979
2522 3027
2523 3106
2523 2855
2523 2583
2523 2630
2523 2757
2523 2949
2524 2668
2524 2652
2524 2810
2525 3019
2526 2860
2528 3063
2528 3071
2528 3007
2528 2814
2530 3008
2530 2856
2530 3003
2531 2988
2531 2783
2532 2637
2532 2679
2533 2986
2533 2534
2533 2543
2535 2787
2535 2986
2536 2537
2536 2788
2536 2790
2536 2907
2536 2587
2536 2852
2537 2725
2537 2741
2539 2887
2539 3102
2539 2737
2539 2735
2539 2821
2540 2620
2540 2621
2540 2934
2540 3108
2541 2636
2541 3095
2542 2553
2543 2553
2543 2986
2544 2986
2544 2588
2544 2596
2544 2597
2545 2549
2545 2631
2545 2926
2545 2603
2547 2718
2547 2635
2547 2548
2548 2635
2548 3075
2549 2928
2549 2631
2550 2807
2550 3027
2550 2908
2550 2797
2550 2914
2550 2938
2551 2552
2551 2961
2551 3123
2552 2988
2552 2815
2553 2557
2554 2600
2554 2684
2554 3092
2554 3124
2556 2566
2558 3135
2559 2646
2560 2978
2560 2927
2561 2746
2561 2562
2562 2883
2562 2778
2563 2793
2563 3063
2563 3071
2563 2630
2564 2972
2564 3024
2565 2773
2565 2673
2567 2679
2568 2805
2568 3116
2569 2825
2570 2701
2571 2583
2571 2581
2571 2573
2572 2582
2572 2646
2573 2575
2573 2583
2573 2581
2575 3005
2575 2595
2576 3102
2576 3120
2576 3111
2576 3121
2578 2582
2578 2740
2579 2969
2579 3094
2580 2582
2580 2684
2580 3000
2582 3137
2583 3020
2584 2874
2584 2859
2584 2860
2585 2586
2585 2811
2586 2811
2586 3045
2586 3076
2587 2627
2587 2852
2587 2789
2587 2870
2587 2791
2587 2788
2587 2790
2587 2795
2588 2986
2588 2593
2588 2985
2589 2593
2590 2753
2590 2591
2592 2594
2592 2986
2592 2787
2595 2986
2595 3072
2595 2634
2595 2662
2595 2737
2595 3005
2596 2986
2597 2599
2597 2986
2597 2598
2598 2777
2599 2777
2599 3125
2600 3092
2600 2964
2600 3124
2601 2781
2601 2602
2601 2827
2602 2781
2602 2965
2602 3055
2602 3074
2602 3087
2603 2631
2603 2710
2603 3084
2604 3034
2604 2607
2605 2786
2605 2606
2606 2667
2606 2967
2606 2749
2607 2608
2607 2738
2609 2784
2609 2615
2609 2611
2610 2614
2610 2655
2610 2612
2611 2615
2611 2908
2612 2614
2613 2647
2613 2687
2613 2995
2614 2654
2616 2739
2616 2877
2616 2958
2616 3027
2617 2942
2617 3096
2617 3012
2618 3006
2618 2678
2619 2755
2619 3038
2620 2780
2620 2621
2621 2780
2621 2654
2622 2922
2623 2685
2623 3035
2623 3095
2623 2666
2623 2624
2623 2625
2623 2896
2624 3108
2624 2981
2624 3060
2624 2625
2625 3095
2627 2789
2627 2791
2627 2852
2627 2870
2628 2853
2628 2723
2628 2792
2628 2706
2629 3039
2633 2786
2634 2730
2634 2917
2636 3095
2636 2666
2636 3035
2637 2638
2640 2764
2640 3093
2640 3099
2640 3068
2641 2839
2641 3000
2643 3110
2644 2645
2644 2872
2644 2741
2645 3126
2645 3125
2646 3006
2647 2696
2647 2673
2648 2649
2648 3088
2648 2869
2648 2650
2649 2650
2649 3088
2649 2869
2649 2731
2650 2651
2650 3088
2650 2869
2651 2975
2651 2979
2652 2810
2653 2654
2653 2965
2654 2965
2654 2781
2654 2661
2654 2689
2655 2972
2655 2971
2655 2656
2655 2822
2655 2659
2656 2972
2656 2971
2656 3026
2657 2973
2657 2977
2657 2658
2657 2660
2657 2974
2659 2667
2659 2988
2659 2750
2660 2977
2660 3073
2660 2973
2661 2965
2661 2662
2662 2930
2662 3027
2662 2727
2663 2798
2663 3135
2666 3095
2666 2685
2666 3035
2667 2967
2667 2685
2667 2894
2667 2686
2667 2728
2667 2749
2667 2895
2667 2921
2667 3070
2668 2874
2668 2810
2668 2684
2669 2892
2670 2850
2671 2997
2671 3001
2672 2978
2674 2679
2674 2676
2675 2677
2676 2679
2677 2824
2677 3079
2677 3031
2677 3013
2678 2965
2680 2681
2683 2734
2683 2736
2683 2887
2683 2737
2683 2820
2684 3124
2684 3092
2685 3035
2685 3095
2685 2894
2686 2687
2686 3037
2688 2965
2689 2697
2689 2806
2689 3109
2689 2939
2690 2830
2690 2800
2690 2925
2690 2693
2691 3122
2691 3119
2691 2758
2691 2692
2691 2756
2691 2762
2691 3121
2692 2762
2692 2693
2692 2759
2692 2763
2692 3041
2692 3119
2692 3122
2693 2830
2693 2759
2694 2695
2694 2865
2695 2847
2695 2925
2695 2800
2695 2720
2695 2863
2695 2865
2695 2899
2695 2939
2696 2770
2696 2771
2697 3109
2697 2698
2697 2867
2697 2750
2698 3109
2698 2699
2698 3115
2699 2760
2700 2842
2700 2858
2700 3031
2701 2703
2701 2704
2701 2705
2702 2934
2702 2943
2702 3030
2702 3057
2703 2863
2704 2830
2704 3081
2705 2808
2706 2738
2708 2877
2708 2710
2709 2823
2709 3089
2709 2911
2709 2903
2710 2877
2710 3084
2711 2769
2711 2986
2711 3120
2712 3110
2714 2979
2715 2964
2716 2722
2716 2847
2717 2719
2717 2915
2717 3034
2717 3043
2717 2909
2719 2729
2719 2720
2719 3050
2720 2856
2720 2804
2720 2750
2720 2808
2720 2902
2722 2856
2722 2799
2722 2900
2723 2853
2723 2792
2723 3087
2724 2743
2724 2926
2726 2856
2726 2799
2726 2803
2727 2931
2728 2892
2729 3036
2730 2731
2732 2826
2733 2986
2733 2737
2733 2987
2734 2736
2734 2737
2735 2911
2736 2920
2737 2887
2738 2868
2739 3027
2739 2746
2739 2745
2740 3025
2740 2855
2740 2977
2740 3005
2741 2883
2741 2745
2741 2828
2741 2872
2742 2991
2742 2883
2742 2743
2744 2824
2744 2927
2744 2979
2745 2883
2745 2746
2746 3021
2746 3027
2747 2840
2747 3006
2747 3022
2749 2967
2749 3037
2750 3109
2750 3110
2750 2856
2750 3053
2750 2752
2753 2754
2753 2756
2753 2758
2753 3059
2754 2756
2754 2758
2756 2758
2756 3121
2756 2808
2756 3122
2757 2855
2757 3058
2758 2808
2758 3121
2758 3122
2759 2760
2759 3041
2760 3041
2761 3041
2761 3042
2762 3041
2762 3121
2764 2766
2764 2767
2766 2768
2766 2770
2766 2775
2767 2772
2767 2768
2767 3040
2767 2774
2767 2775
2767 2779
2768 2772
2768 2982
2768 3093
2768 2774
2768 2775
2769 3039
2770 2774
2771 2773
2772 2774
2772 2775
2772 2779
2774 2775
2775 2777
2776 3104
2776 2980
2776 3065
2776 3030
2778 2804
2778 2830
2778 3117
2778 2862
2781 2827
2781 3029
2783 2988
2784 3033
2784 2940
2785 2868
2787 2868
2788 2790
2788 2852
2789 2791
2789 2852
2790 2852
2791 2852
2791 2870
2792 2853
2793 2848
2793 2952
2793 2974
2793 3031
2794 2991
2795 2852
2796 2797
2796 2933
2796 2809
2796 2808
2797 2933
2797 2809
2797 2808
2797 2994
2797 3129
2799 2856
2799 2902
2800 2925
2800 2846
2800 2802
2800 2803
2800 2804
2800 2806
2800 2830
2800 2831
2800 2845
2800 2847
2800 2923
2800 2924
2800 2926
2800 3096
2801 3020
2802 2925
2802 2804
2802 2803
2802 2939
2802 2983
2803 2856
2803 2805
2803 2899
2803 3137
2804 2925
2804 2830
2804 2856
2804 2808
2804 2983
2806 2926
2806 2925
2807 3106
2807 3102
2807 2938
2808 2809
2809 2933
2810 2874
2814 3063
2814 3071
2815 3049
2815 2816
2815 3054
2818 2867
2820 2918
2820 2821
2821 3048
2824 3106
2824 2885
2824 2901
2824 2914
2827 2862
2828 2829
2830 2925
2830 3010
2831 3094
2831 2925
2831 3103
2832 3094
2832 2835
2832 2979
2832 2833
2832 3097
2835 3072
2836 2837
2836 3107
2836 2931
2837 2981
2838 3107
2839 3103
2839 3100
2840 3103
2840 3093
2842 3044
2842 3029
2844 2854
2844 3046
2844 3094
2845 2924
2845 2925
2845 2846
2845 2864
2845 3096
2846 2925
2846 2924
2846 3096
2846 3132
2847 2925
2847 2900
2848 2994
2848 2850
2849 2992
2850 3031
2850 2851
2852 2870
2854 3046
2854 3094
2855 3106
2855 2976
2855 2936
2856 3003
2858 2964
2859 2860
2861 3076
2863 2865
2864 2924
2865 3011
2867 2870
2867 2890
2867 2933
2867 3049
2869 3088
2869 3089
2869 3091
2871 2873
2873 2958
2875 2934
2877 2878
2877 2881
2877 2889
2877 3074
2878 2996
2879 3087
2879 3133
2880 2882
2880 2881
2880 3039
2880 3117
2881 3125
2882 2931
2882 3074
2882 3025
2883 2991
2884 3126
2884 3130
2886 2930
2886 2931
2887 3101
2888 2986
2890 2902
2891 2895
2894 2967
2897 2957
2898 2900
2904 3028
2904 2950
2904 2951
2907 2956
2909 3034
2909 2910
2910 3034
2911 3118
2914 3075
2914 3023
2914 3027
2915 2916
2915 3050
2916 2934
2917 2975
2918 2919
2918 3037
2918 2921
2919 2920
2919 3013
2919 2923
2919 2985
2920 3013
2920 2923
2920 2922
2921 2967
2921 2922
2922 3013
2922 2979
2922 2969
2923 3013
2923 3016
2924 2925
2924 3096
2925 3096
2927 2979
2929 3136
2929 3033
2929 3137
2930 2931
2930 3061
2930 3137
2931 2932
2934 3138
2937 3019
2938 2939
2938 3056
2940 2941
2940 3134
2942 3012
2942 2982
2943 2944
2944 3012
2944 2949
2944 3031
2945 3117
2947 2949
2950 2951
2952 3057
2952 2954
2953 2954
2955 2963
2955 2960
2955 2959
2956 3032
2956 3047
2957 2959
2957 3024
2958 3027
2958 2975
2959 2961
2959 2962
2960 2963
2960 2962
2961 3022
2962 2989
2964 3060
2964 3092
2964 3124
2965 2969
2966 2969
2967 2975
2967 3104
2968 3030
2968 3117
2970 3115
2971 2972
2972 3026
2973 2977
2974 3102
2976 3106
2977 3005
2978 2979
2979 3094
2979 3097
2980 2981
2980 3108
2980 3060
2980 2982
2980 3062
2980 3100
2980 3112
2980 3113
2980 3114
2980 3135
2981 3108
2981 3060
2981 2997
2981 2998
2981 3113
2981 3136
2985 2990
2985 2986
2986 2990
2986 2987
2986 3005
2986 3052
2986 3120
2988 2989
2993 2994
2996 3002
2996 3004
2997 3108
2997 2998
2997 3002
2999 3000
3000 3107
3000 3009
3007 3071
3007 3063
3008 3009
3009 3010
3013 3016
3014 3137
3014 3131
3014 3130
3015 3018
3015 3045
3016 3129
3016 3130
3016 3037
3016 3127
3018 3020
3018 3021
3019 3022
3022 3026
3025 3074
3030 3104
3031 3086
3032 3123
3035 3095
3046 3094
3049 3102
3049 3053
3049 3054
3051 3055
3051 3052
3052 3055
3053 3054
3056 3057
3057 3059
3058 3059
3060 3108
3062 3113
3062 3112
3062 3114
3063 3071
3064 3110
3074 3075
3077 3078
3077 3089
3078 3085
3079 3087
3081 3082
3082 3084
3082 3090
3083 3134
3083 3133
3083 3130
3084 3133
3084 3086
3084 3090
3084 3134
3085 3090
3088 3091
3089 3090
3089 3091
3092 3124
3093 3105
3093 3107
3093 3099
3094 3097
3096 3132
3098 3101
3099 3107
3099 3105
3100 3116
3101 3102
3105 3107
3108 3136
3109 3115
3109 3110
3111 3120
3112 3113
3112 3129
3113 3136
3115 3116
3121 3122
3125 3128
3125 3126
3125 3127
3126 3128
3126 3130
3126 3127
3127 3129
3127 3134
3127 3128
3128 3131
3129 3130
3129 3133
3133 3134
3135 3136
