4692 5042
4692 5278
4692 5152
4692 5059
4693 5030
4693 5121
4693 4779
4693 5122
4693 5201
4693 5000
4693 5178
4694 5359
4694 4696
4694 5015
4694 5372
4695 4745
4695 4800
4696 5015
4696 4913
4697 4913
4697 4914
4698 5021
4698 4929
4698 4891
4698 4771
4699 4890
4700 5050
4700 4711
4700 5419
4700 5109
4700 4975
4700 4738
4700 5019
4700 5352
4701 4817
4702 5038
4703 4748
4703 5267
4703 5044
4703 5238
4703 4705
4703 5401
4704 4734
4704 4948
4704 5098
4705 4909
4706 5056
4706 4707
4706 5399
4706 5019
4706 4931
4706 5009
4706 5401
4708 5184
4708 5326
4708 5342
4708 4778
4709 5201
4709 4902
4709 5122
4709 4779
4710 4711
4710 4793
4710 4787
4710 4816
4710 4850
4710 5050
4710 5197
4710 5210
4711 5197
4711 4793
4711 5210
4712 5352
4712 5457
4713 4715
4714 4715
4714 4957
4714 4717
4715 5151
4715 4957
4716 5170
4716 5196
4717 5215
4717 5211
4717 5339
4718 4798
4719 5134
4720 4946
4720 4989
4720 4947
4721 4948
4721 4944
4721 4963
4722 4982
4722 5012
4722 5027
4723 5351
4723 4787
4723 4887
4723 4894
4723 5350
4723 5353
4724 5348
4724 5346
4724 4777
4724 4912
4724 5044
4724 5054
4724 5282
4724 5344
4724 5347
4725 4893
4725 5057
4727 4889
4728 5350
4728 4887
4729 4735
4729 4906
4730 4790
4730 4955
4731 4798
4732 5182
4733 5354
4733 4774
4733 5284
4734 4735
4735 5201
4735 4779
4736 5012
4736 4967
4736 5223
4736 5343
4737 5017
4737 5121
4737 4991
4738 5019
4738 5180
4738 5109
4739 5345
4739 4822
4739 4969
4739 4970
4739 5102
4740 4850
4740 5062
4740 5404
4740 5063
4740 4890
4741 5275
4741 4972
4741 4745
4741 4800
4741 4872
4742 5162
4742 4898
4742 4765
4742 4782
4742 5085
4742 5311
4742 5392
4743 5242
4743 5341
4743 5240
4743 5125
4744 4800
4744 4746
4744 4919
4744 4747
4745 4800
4745 5275
4745 4746
4745 4747
4745 4872
4745 5049
4745 5276
4745 5277
4745 5405
4747 4749
4748 4931
4748 4841
4748 4968
4748 4925
4748 4833
4748 4965
4750 5028
4750 5415
4751 4755
4751 5370
4751 5116
4752 5022
4752 5180
4752 5179
4753 5377
4753 5387
4754 4897
4754 5040
4754 5424
4754 5284
4754 5438
4755 5370
4755 5375
4756 4757
4756 5198
4757 5211
4757 5215
4757 5205
4758 5207
4758 5208
4758 5434
4758 5460
4759 4854
4759 5295
4759 5409
4759 4810
4759 4879
4759 5329
4760 5171
4760 5001
4760 4761
4761 5115
4761 5322
4762 4853
4762 5338
4763 5437
4763 5270
4763 5272
4763 5273
4764 4825
4764 4766
4764 5035
4765 5085
4765 5162
4766 4767
4766 4768
4766 4825
4767 4768
4768 5085
4770 4936
4770 4929
4771 5256
4771 5047
4772 5225
4772 5256
4772 4795
4772 4886
4772 5047
4772 5226
4773 4774
4773 5374
4774 5227
4774 4775
4775 4776
4775 4777
4776 5351
4776 4827
4776 4835
4777 5360
4777 5446
4778 5342
4778 5184
4779 5201
4779 4815
4779 5169
4779 5178
4779 5186
4779 5328
4780 5372
4781 5412
4782 5085
4782 5162
4782 4898
4783 4973
4784 5183
4785 5080
4785 5241
4785 4979
4785 5038
4785 5340
4786 5379
4786 5205
4786 5378
4786 5206
4786 5211
4786 5215
4786 5339
4787 5378
4788 5225
4788 5374
4789 5352
4791 4822
4791 4931
4792 4793
4792 4819
4792 5320
4793 5353
4793 5050
4793 4932
4794 5013
4794 5104
4794 5389
4795 4807
4795 5225
4796 5034
4797 5067
4797 4801
4797 4805
4797 4815
4797 5100
4797 4803
4797 4804
4797 4953
4797 5140
4797 5250
4797 5289
4797 5351
4799 4818
4799 5258
4799 4921
4799 4813
4800 5275
4800 4872
4800 5004
4800 5276
4801 5140
4801 4805
4801 5067
4801 4803
4801 4804
4803 5066
4803 5067
4803 4804
4803 5430
4805 5250
4805 5067
4805 5087
4805 4815
4806 4953
4806 5140
4807 4817
4807 5258
4807 5349
4807 4819
4807 5353
4808 5042
4808 5388
4809 4843
4809 5371
4811 5020
4811 5045
4811 5097
4811 5349
4812 5341
4812 4899
4813 4818
4813 5258
4813 4876
4813 4925
4814 4917
4814 5119
4814 5288
4815 5250
4815 5140
4816 4986
4816 4817
4817 5353
4817 5226
4817 5258
4818 5258
4818 5256
4818 4819
4819 5256
4819 5254
4819 5258
4819 5226
4819 5255
4819 5374
4820 4821
4821 4965
4821 4857
4822 4823
4822 4978
4822 5096
4823 5427
4823 5419
4824 5174
4824 5176
4824 5175
4824 5181
4824 5329
4825 4902
4826 5176
4827 4836
4827 4835
4827 4837
4827 4831
4827 4833
4827 5148
4828 5227
4828 4920
4828 4922
4828 5439
4828 4876
4828 5191
4829 4835
4829 4953
4829 4834
4830 5172
4830 4920
4830 4922
4830 4831
4831 4832
4831 4838
4831 5172
4831 4911
4831 4920
4831 4833
4832 4838
4832 4963
4832 5095
4832 4965
4832 4833
4836 4837
4836 4839
4836 5211
4836 5215
4836 5319
4836 5321
4837 5211
4837 5215
4837 5319
4837 5321
4837 4839
4837 5205
4837 5148
4838 5308
4839 5102
4839 5291
4840 4846
4840 5403
4841 4857
4842 4991
4842 5407
4843 5458
4843 4846
4843 4847
4843 5383
4843 4855
4844 5071
4844 5060
4844 5056
4846 4856
4846 5025
4846 4925
4846 5267
4846 5292
4847 5062
4847 5409
4847 4855
4847 4879
4849 5423
4850 5003
4851 5067
4851 5424
4851 5275
4851 5159
4851 5214
4851 5263
4852 5026
4852 4929
4852 4853
4853 5334
4853 5338
4854 5409
4854 5334
4854 4936
4855 5258
4855 5022
4856 4915
4856 5052
4856 5108
4856 5309
4856 5317
4856 5391
4857 5461
4858 4951
4858 4869
4859 5079
4860 5266
4860 5399
4861 5077
4862 5265
4862 5084
4863 5073
4863 5216
4863 5410
4863 5397
4864 5271
4864 5133
4864 4870
4864 5129
4864 5131
4864 5157
4864 5188
4865 5228
4865 5075
4865 5230
4865 5087
4865 5076
4865 5407
4866 4867
4866 4956
4866 5443
4867 5081
4868 5082
4868 4991
4868 5083
4868 4869
4869 5389
4869 5390
4870 5157
4870 5129
4870 5113
4870 5130
4871 5178
4871 5439
4871 5280
4871 5121
4871 5360
4872 5275
4872 5276
4873 5236
4873 5277
4874 5057
4874 5367
4875 5368
4876 5043
4876 4878
4876 4877
4876 5049
4877 5049
4878 5043
4878 5227
4878 5049
4879 5409
4879 4883
4879 5062
4880 5347
4880 5176
4881 4885
4882 4883
4882 5317
4883 4904
4883 4884
4883 4885
4884 4885
4884 5263
4884 5229
4886 4896
4886 4987
4886 4988
4888 5067
4888 5069
4888 5070
4888 4889
4892 5212
4892 5450
4893 5449
4893 5263
4893 5135
4894 5025
4895 4989
4896 4989
4896 5299
4896 5186
4896 5067
4896 4952
4896 5400
4897 5424
4897 5196
4897 5214
4897 5040
4897 5080
4897 5193
4898 5341
4898 5162
4898 5084
4898 5085
4899 4961
4900 5237
4901 5237
4901 4909
4902 5108
4902 5122
4902 5294
4903 5121
4903 5030
4903 5178
4903 5296
4904 5023
4905 5001
4905 4906
4907 5010
4907 5114
4907 5011
4908 5313
4908 5315
4908 5325
4908 5010
4908 5314
4908 5459
4909 5330
4909 4912
4909 5020
4909 4910
4910 4948
4910 5048
4910 5098
4911 4912
4911 5346
4911 5219
4911 5138
4911 5330
4912 5348
4912 5437
4912 5044
4912 5054
4912 5055
4913 5015
4913 5214
4913 4914
4913 5276
4914 4915
4914 5015
4915 5256
4917 5194
4917 5309
4918 5152
4919 5013
4920 4922
4920 5172
4920 5191
4921 4933
4921 5092
4921 5296
4921 5386
4922 5034
4922 5172
4923 5176
4923 4924
4923 4928
4924 4984
4924 5310
4924 5000
4925 4931
4926 5369
4927 5117
4927 5263
4928 5367
4929 5359
4930 5427
4931 5009
4934 5388
4934 4966
4934 5042
4934 5395
4935 5120
4935 5248
4935 5395
4937 4938
4937 4939
4937 4941
4938 4939
4938 4941
4939 4941
4939 5166
4939 5203
4940 4942
4941 5444
4941 5016
4943 4944
4943 5289
4944 5067
4944 5100
4945 5203
4945 5298
4945 5067
4945 4946
4946 4947
4949 5241
4950 4956
4950 5067
4950 5065
4950 5069
4950 4952
4950 4962
4950 5220
4951 5219
4951 5099
4951 5103
4951 5089
4952 4958
4952 5069
4952 5298
4952 5192
4953 5305
4954 5063
4954 5048
4954 4964
4955 5059
4956 5065
4956 4957
4956 4962
4956 5366
4956 5445
4957 5366
4957 5143
4958 4992
4958 4969
4958 5063
4959 5074
4959 4964
4959 5094
4960 5069
4960 4962
4960 4964
4961 5331
4961 5022
4961 5095
4962 5065
4962 4964
4962 4963
4962 5094
4963 5331
4963 5095
4964 5074
4967 5327
4967 5373
4967 5448
4968 5345
4968 5378
4968 4969
4969 5139
4969 5366
4969 5221
4969 5151
4969 4970
4969 5131
4969 5143
4970 5002
4970 5010
4971 5052
4971 5353
4972 5014
4972 5413
4973 5358
4973 5163
4973 5141
4973 5147
4973 5149
4974 5262
4974 4975
4976 4993
4976 5063
4977 5364
4977 5138
4977 5142
4977 5132
4977 5137
4977 5141
4977 5150
4978 5038
4978 5233
4978 5393
4979 5368
4979 5080
4979 5427
4979 5446
4980 5389
4980 5013
4980 4981
4981 5389
4981 5390
4982 5012
4982 5026
4982 5027
4983 5327
4983 5245
4984 5294
4984 5363
4985 4995
4986 5305
4986 5365
4987 4988
4987 5204
4988 5454
4988 5455
4988 5067
4988 5202
4988 5453
4988 5103
4988 5204
4988 5456
4989 5400
4990 5115
4990 5109
4991 5018
4991 5060
4991 5079
4991 5082
4992 5025
4992 5399
4993 5025
4993 5030
4993 5041
4993 5156
4996 5416
4996 4997
4996 5155
4996 5363
4996 5440
4997 5416
4997 5441
4997 5442
4997 5447
4999 5017
4999 5190
5000 5030
5000 5121
5001 5112
5001 5281
5001 5296
5003 5404
5003 5285
5003 5283
5003 5274
5004 5005
5004 5275
5004 5205
5004 5208
5004 5277
5004 5006
5005 5268
5005 5205
5005 5339
5005 5412
5005 5275
5005 5154
5006 5207
5006 5208
5006 5403
5007 5008
5007 5287
5007 5414
5007 5205
5007 5166
5007 5206
5007 5009
5008 5287
5008 5414
5008 5206
5008 5205
5008 5166
5008 5072
5010 5132
5011 5324
5012 5027
5013 5343
5013 5389
5014 5091
5016 5444
5017 5029
5017 5398
5019 5052
5019 5056
5020 5045
5020 5055
5020 5330
5021 5346
5021 5046
5021 5238
5022 5198
5022 5024
5022 5457
5022 5332
5022 5291
5022 5316
5023 5101
5023 5190
5023 5053
5024 5257
5024 5421
5024 5154
5025 5351
5025 5039
5025 5056
5025 5063
5025 5180
5025 5292
5025 5420
5025 5461
5026 5027
5026 5031
5026 5080
5026 5245
5026 5260
5027 5209
5028 5412
5028 5201
5028 5415
5030 5039
5031 5201
5031 5427
5032 5033
5032 5179
5033 5234
5034 5224
5034 5075
5035 5341
5035 5036
5035 5212
5035 5242
5035 5331
5037 5045
5037 5055
5039 5041
5039 5439
5040 5080
5040 5385
5042 5388
5042 5101
5043 5227
5043 5117
5043 5049
5044 5348
5044 5219
5044 5097
5044 5099
5044 5399
5045 5225
5045 5048
5046 5047
5046 5238
5047 5051
5050 5178
5051 5238
5051 5346
5052 5317
5054 5348
5054 5097
5055 5347
5057 5365
5057 5210
5057 5367
5058 5059
5058 5113
5058 5383
5058 5116
5059 5451
5059 5416
5059 5113
5059 5060
5059 5130
5060 5071
5060 5440
5061 5273
5061 5369
5065 5445
5065 5066
5065 5071
5066 5444
5066 5445
5067 5100
5067 5068
5067 5069
5067 5103
5067 5203
5067 5204
5067 5214
5067 5249
5067 5250
5067 5298
5067 5454
5067 5455
5069 5070
5069 5134
5070 5167
5071 5298
5072 5166
5073 5216
5075 5087
5075 5228
5075 5230
5075 5076
5076 5087
5076 5214
5076 5228
5079 5407
5079 5280
5080 5214
5082 5083
5083 5281
5084 5341
5084 5086
5084 5092
5084 5265
5084 5331
5085 5341
5085 5392
5086 5162
5087 5458
5087 5228
5087 5230
5087 5307
5088 5342
5088 5184
5088 5185
5088 5326
5089 5225
5090 5346
5090 5093
5091 5201
5092 5410
5092 5137
5093 5333
5093 5094
5094 5324
5094 5096
5097 5348
5097 5098
5099 5221
5099 5219
5099 5103
5101 5432
5101 5190
5101 5383
5101 5426
5102 5321
5102 5355
5103 5298
5103 5455
5104 5106
5105 5106
5106 5118
5106 5112
5107 5368
5107 5213
5108 5114
5109 5321
5109 5419
5109 5245
5109 5280
5109 5111
5109 5114
5109 5115
5109 5352
5109 5425
5109 5426
5110 5198
5111 5280
5111 5115
5111 5247
5112 5116
5112 5338
5113 5440
5113 5155
5113 5416
5113 5116
5113 5129
5113 5130
5113 5441
5113 5446
5114 5115
5114 5342
5114 5426
5114 5322
5114 5430
5115 5321
5115 5322
5116 5416
5116 5440
5117 5118
5117 5119
5117 5247
5117 5263
5119 5195
5119 5377
5120 5278
5120 5248
5121 5122
5121 5247
5122 5294
5122 5358
5123 5124
5124 5266
5124 5296
5126 5127
5127 5265
5128 5130
5129 5130
5129 5157
5129 5418
5129 5131
5131 5157
5132 5364
5132 5393
5132 5143
5132 5387
5133 5271
5133 5298
5134 5298
5135 5370
5135 5449
5137 5141
5137 5138
5138 5142
5138 5364
5138 5141
5138 5149
5138 5148
5138 5150
5139 5366
5139 5143
5141 5149
5141 5147
5141 5163
5141 5145
5142 5364
5142 5149
5142 5150
5143 5366
5143 5151
5144 5307
5144 5290
5145 5312
5145 5147
5146 5148
5147 5358
5147 5383
5148 5205
5149 5341
5149 5150
5150 5364
5151 5433
5151 5366
5151 5408
5152 5278
5152 5388
5155 5416
5155 5440
5155 5157
5156 5179
5157 5416
5158 5293
5159 5161
5159 5234
5159 5160
5160 5161
5161 5341
5162 5311
5162 5312
5162 5372
5164 5165
5164 5167
5165 5167
5166 5167
5166 5203
5166 5182
5167 5182
5168 5342
5169 5201
5170 5232
5170 5209
5170 5284
5170 5357
5173 5396
5176 5182
5176 5361
5176 5177
5178 5280
5178 5439
5179 5180
5181 5182
5181 5304
5182 5361
5182 5362
5182 5444
5184 5326
5185 5326
5186 5298
5187 5216
5188 5249
5189 5271
5191 5227
5192 5298
5193 5196
5193 5370
5194 5199
5194 5195
5195 5199
5195 5308
5195 5376
5196 5424
5197 5210
5199 5308
5199 5309
5200 5232
5200 5373
5200 5432
5201 5209
5201 5328
5201 5390
5202 5455
5202 5453
5202 5454
5202 5456
5202 5460
5204 5459
5204 5460
5205 5206
5205 5215
5205 5211
5205 5339
5205 5379
5205 5319
5206 5379
5206 5214
5206 5211
5206 5215
5207 5208
5207 5403
5207 5460
5207 5434
5208 5403
5208 5434
5209 5232
5209 5446
5210 5212
5211 5215
5211 5319
5211 5339
5211 5379
5211 5411
5212 5442
5214 5424
5215 5319
5215 5339
5215 5379
5215 5411
5217 5400
5218 5323
5219 5346
5219 5221
5221 5346
5225 5226
5225 5227
5225 5451
5226 5258
5226 5256
5227 5246
5228 5230
5228 5316
5229 5233
5229 5263
5229 5421
5231 5421
5231 5340
5232 5432
5232 5357
5232 5373
5232 5425
5235 5236
5237 5348
5237 5384
5238 5346
5238 5244
5239 5244
5239 5316
5239 5320
5240 5341
5240 5242
5241 5308
5241 5243
5243 5246
5246 5288
5246 5382
5247 5320
5248 5278
5250 5433
5251 5253
5251 5274
5252 5253
5252 5405
5252 5360
5253 5297
5253 5405
5254 5255
5256 5257
5256 5258
5256 5374
5256 5451
5257 5451
5257 5421
5260 5261
5261 5303
5262 5410
5264 5410
5264 5397
5266 5296
5268 5412
5268 5269
5270 5437
5270 5273
5270 5285
5270 5438
5270 5272
5273 5438
5273 5437
5273 5402
5274 5421
5274 5283
5274 5404
5275 5277
5275 5365
5277 5424
5278 5388
5280 5381
5280 5380
5281 5402
5281 5438
5281 5437
5281 5297
5281 5282
5283 5404
5283 5405
5284 5424
5285 5437
5285 5402
5287 5289
5287 5414
5288 5383
5289 5351
5293 5408
5294 5358
5295 5309
5296 5304
5296 5306
5297 5330
5298 5299
5300 5301
5301 5450
5303 5307
5303 5309
5303 5456
5303 5308
5303 5458
5304 5306
5304 5376
5305 5368
5305 5308
5306 5458
5307 5309
5307 5456
5307 5458
5307 5308
5308 5309
5309 5458
5310 5348
5310 5346
5311 5312
5313 5410
5313 5314
5315 5325
5315 5318
5315 5323
5316 5457
5317 5325
5318 5325
5319 5321
5319 5339
5319 5411
5319 5429
5320 5332
5321 5322
5322 5323
5323 5325
5324 5403
5325 5393
5326 5342
5327 5402
5327 5416
5327 5448
5329 5335
5329 5337
5331 5341
5335 5337
5336 5424
5339 5340
5339 5379
5346 5348
5349 5353
5357 5386
5357 5360
5359 5372
5360 5405
5363 5417
5364 5387
5367 5369
5369 5370
5372 5391
5372 5392
5373 5448
5375 5387
5379 5460
5380 5381
5382 5386
5382 5383
5383 5386
5383 5432
5386 5432
5389 5390
5391 5392
5399 5401
5402 5437
5402 5438
5404 5405
5409 5452
5410 5456
5412 5415
5414 5415
5416 5440
5418 5419
5419 5427
5419 5425
5420 5422
5429 5430
5435 5437
5435 5462
5436 5437
5442 5447
5442 5443
5442 5451
5443 5447
5444 5445
5449 5450
5450 5462
5450 5458
5453 5454
5453 5455
5453 5456
5453 5460
5454 5455
5454 5456
5454 5460
5455 5456
5456 5458
5457 5458
5459 5460
